# Depth (Er)	r	theta (deg)	alpha (deg)	tx wannier (Er)	ty wannier (Er)	td wannier (Er)	wannier integral (Er)	tx bs (Er)	ty bs (Er)	td bs(Er)	mean 0->d1	gap 0->d1	bw d1	mean 0->d2	gap 0->d2	bw d2	mean 0->d3	gap 0->d3	bw d3
1.000000000000000000e+00	1.000000000000000000e+00	9.162669999999999959e+01	0.000000000000000000e+00	1.964216653693856285e-01	1.741123401375900270e-01	2.648594047315356702e-03	7.855387268490641173e-01	1.982170522707941418e-01	1.863876750264251980e-01	1.007653103941815505e-03	3.595190887790985279e+00	5.078874115487439500e-01	3.201354302183166745e+00	5.580079143686944576e+00	4.156506445807290007e+00	5.475464154489674051e+00	6.280941246283299861e+00	4.156734800159729737e+00	4.606952409805654014e+00
3.000000000000000000e+00	1.000000000000000000e+00	9.162669999999999959e+01	0.000000000000000000e+00	1.446757782079617360e-01	1.415594733610816836e-01	3.823741021094964609e-03	1.416100449984995624e+00	1.495269071440188391e-01	1.381296417152478306e-01	3.743294718086276080e-03	3.955291630398548364e+00	1.567039628246049032e+00	2.716886679647502412e+00	5.793148440820038658e+00	4.559436248658140123e+00	4.971841634534149179e+00	6.630672444355369066e+00	4.805168352177705771e+00	4.107320547069102545e+00
5.000000000000000000e+00	1.000000000000000000e+00	9.162669999999999959e+01	0.000000000000000000e+00	9.074552959288736953e-02	1.003240735455103033e-01	3.624121976351151516e-03	2.121900327910588580e+00	1.008198725076346614e-01	9.116416026796597682e-02	3.650729224974176134e-03	4.534243328776164539e+00	2.677082383800978072e+00	2.285455997798835348e+00	6.214681873983106897e+00	5.126059864364383323e+00	4.450127165022403020e+00	7.172847895463768886e+00	5.587103860745495254e+00	3.702500684293439370e+00
7.000000000000000000e+00	1.000000000000000000e+00	9.162669999999999959e+01	0.000000000000000000e+00	5.366622320053195117e-02	6.855834817330931641e-02	2.315272615380348838e-03	2.795461298010603279e+00	6.519616092452658329e-02	5.770975393206201343e-02	2.359349984314418336e-03	5.251356620595457159e+00	3.828659008555586496e+00	1.912091605337175038e+00	6.818896179408006297e+00	5.851408795022478238e+00	3.942474989943349772e+00	7.844695949001073920e+00	6.474329882487278809e+00	3.401215536965214170e+00
9.000000000000000000e+00	1.000000000000000000e+00	9.162669999999999959e+01	0.000000000000000000e+00	3.109887904420742186e-02	4.682298032383380715e-02	1.273954565469056881e-03	3.399990701619894473e+00	4.195472971732944201e-02	3.640206004683777669e-02	1.303854243699817395e-03	6.075880011826486182e+00	5.011720251587745700e+00	1.525150868432717521e+00	7.555497177987790636e+00	6.723293008238155011e+00	3.455792975776797338e+00	8.608375831634344166e+00	7.440659740790469989e+00	3.061389572269839654e+00
1.100000000000000000e+01	1.000000000000000000e+00	9.162669999999999959e+01	0.000000000000000000e+00	1.790524506190583828e-02	3.238203085540060366e-02	6.659972406834904855e-04	3.938278972885359330e+00	2.728753066507492303e-02	2.324436156622766703e-02	6.817193603098330862e-04	6.989624775382060839e+00	6.136045671846949823e+00	1.470447437032865068e+00	8.383561254068686353e+00	7.671019439090515313e+00	2.991679784022960753e+00	9.437812101626505523e+00	8.468770316638870810e+00	2.738635865333733932e+00
1.300000000000000000e+01	1.000000000000000000e+00	9.162669999999999959e+01	0.000000000000000000e+00	1.025837546727383434e-02	2.275256241795556300e-02	3.449527567493825995e-04	4.423237682134760540e+00	1.802848159794595562e-02	1.509956222149726884e-02	3.520801763340173241e-04	7.967535674893614583e+00	7.106815721546619002e+00	1.470915563773754542e+00	9.276790773566435888e+00	8.597597737835430465e+00	2.550534109290989448e+00	1.031365657096846711e+01	9.522465985269120026e+00	2.424241078351362599e+00
1.500000000000000000e+01	1.000000000000000000e+00	9.162669999999999959e+01	0.000000000000000000e+00	5.817818151310924502e-03	1.623671663425948347e-02	1.802029247896336185e-04	4.866685837869484388e+00	1.210860686660786972e-02	9.983929701144032484e-03	1.829586671464576448e-04	8.985123684632016605e+00	8.133327955311802526e+00	1.519301957360233768e+00	1.021266823232929966e+01	9.543009843250317203e+00	2.225694926146575270e+00	1.121750913648988401e+01	1.045202390751699184e+01	2.198720262001697456e+00
1.700000000000000000e+01	1.000000000000000000e+00	9.162669999999999959e+01	0.000000000000000000e+00	3.230154149452065578e-03	1.175172141827488664e-02	9.564350037314926539e-05	5.277448145034547622e+00	8.260976725610878410e-03	6.712747167986064106e-03	9.640373827420685611e-05	1.001813135578413494e+01	9.187086523880154232e+00	1.443868658453699050e+00	1.117201511247855272e+01	1.065273832475877569e+01	1.775779650098233242e+00	1.213287467322029123e+01	1.140558882218687486e+01	2.165950330315952854e+00
1.900000000000000000e+01	1.000000000000000000e+00	9.162669999999999959e+01	0.000000000000000000e+00	1.720843760007076482e-03	8.613183989504794025e-03	5.171097986872616844e-05	5.661859697071840003e+00	5.717893211280154764e-03	4.583000276888533203e-03	5.165596173256517369e-05	1.105100622839585434e+01	1.024743920313038714e+01	1.308813948410377126e+00	1.213213523718889064e+01	1.174204924405223949e+01	1.371573079352142788e+00	1.304384501826629617e+01	1.236177884578292385e+01	1.910836403652596438e+00
2.000000000000000000e+01	1.000000000000000000e+00	9.162669999999999959e+01	0.000000000000000000e+00	1.222855471048151345e-03	7.405331844803944921e-03	3.829554197127231626e-05	5.845669735300732306e+00	4.780938654593851547e-03	3.806922336606156053e-03	3.806205563450996802e-05	1.156248816469315521e+01	1.077509167374169863e+01	1.280731018281800804e+00	1.260729253028363495e+01	1.223601027627202420e+01	1.203946137300508257e+00	1.349316206374142624e+01	1.283554561338802635e+01	1.789113759383593738e+00
2.500000000000000000e+01	1.000000000000000000e+00	9.162669999999999959e+01	0.000000000000000000e+00	5.950217860460562010e-05	3.608359150070068570e-03	9.139880216293639812e-06	6.697347454210008877e+00	2.042120837585390501e-03	1.577227395924154412e-03	8.808850681564592972e-06	1.400322392054587439e+01	1.333107542962161318e+01	1.242692449181154624e+00	1.489026207251228229e+01	1.457054110628177135e+01	5.865046813565724104e-01	1.560885065341732769e+01	1.514056360837678206e+01	1.239874478678012260e+00
3.000000000000000000e+01	1.000000000000000000e+00	9.162669999999999959e+01	0.000000000000000000e+00	1.834432894014835296e-04	1.848721993554190094e-03	2.420879413130441536e-06	7.462103306950082171e+00	9.284299911475099153e-04	6.976479825800689823e-04	2.241203786883467011e-06	1.618381935057641385e+01	1.567252059970115141e+01	1.036323504910269921e+00	1.697993751618887259e+01	1.672627796318099769e+01	4.518700448278112347e-01	1.756397083732054298e+01	1.718576993032812084e+01	9.159107117512048646e-01
3.500000000000000000e+01	1.000000000000000000e+00	9.162669999999999959e+01	0.000000000000000000e+00	1.879964892060679963e-04	9.854550231264277375e-04	7.005585900927275968e-07	8.162478491070141118e+00	4.439676250396530372e-04	3.253199024999227969e-04	6.108506236809311402e-07	1.810762190154727946e+01	1.776667155949541765e+01	7.403795082809541128e-01	1.887788625121325126e+01	1.868733218533397888e+01	3.617794221926500242e-01	1.940596496010212491e+01	1.905461451407384743e+01	7.106862523291752609e-01
4.000000000000000000e+01	1.000000000000000000e+00	9.162669999999999959e+01	0.000000000000000000e+00	1.434344167536916246e-04	5.425725971841448628e-04	2.184989025101010469e-07	8.812590395913293406e+00	2.213752135077475067e-04	1.584567537215842391e-04	1.700178063528210576e-07	1.985567304049907023e+01	1.963971901851431312e+01	4.533648888106984742e-01	2.060107357561847508e+01	2.049759737245422642e+01	1.982454984413939414e-01	2.113589611429576820e+01	2.091252668893521616e+01	4.499725314335023540e-01
4.500000000000000000e+01	1.000000000000000000e+00	9.162669999999999959e+01	0.000000000000000000e+00	9.957298192762623307e-05	3.069585517509019904e-04	7.264433473075185972e-08	9.422003180010182888e+00	1.143529065166012243e-04	8.007594369373208058e-05	4.210903738329982438e-08	2.147085943854275314e+01	2.133660012844596210e+01	2.762751468572766100e-01	2.220199910959138379e+01	2.214495669664890087e+01	1.102987817393739078e-01	2.275025851858787362e+01	2.260957106570805664e+01	2.828579902095214038e-01
5.000000000000000000e+01	1.000000000000000000e+00	9.162669999999999959e+01	0.000000000000000000e+00	6.647787926150738728e-05	1.777548287114045589e-04	2.551898854355809662e-08	9.997565394985961973e+00	6.089039481751372629e-05	4.176345575948974529e-05	2.963813810385467550e-09	2.298092298800595046e+01	2.289793623221854091e+01	1.688089529166028058e-01	2.370496720549963854e+01	2.367289309982431789e+01	6.249333749616958755e-02	2.426760328803834099e+01	2.417904980013180705e+01	1.778271148278207647e-01
5.500000000000000000e+01	1.000000000000000000e+00	9.162669999999999959e+01	0.000000000000000000e+00	4.364096920986351182e-05	1.050479694876265438e-04	9.404580823440296009e-09	1.054438666411769887e+01	3.328992371052943815e-05	2.238549479639698019e-05	9.555767466803283261e-09	2.440549330067179312e+01	2.435411770907900930e+01	1.038176024197454694e-01	2.512693326500691171e+01	2.510853608079225907e+01	3.605374013953266399e-02	2.570332380471536737e+01	2.564736551009424304e+01	1.122776777034548701e-01
6.000000000000000000e+01	1.000000000000000000e+00	9.162669999999999959e+01	0.000000000000000000e+00	2.846910229794807472e-05	6.320525342369542887e-05	3.615005380018951954e-09	1.106640222332756451e+01	1.862469783620816083e-05	1.229775076557674922e-05	1.486354272322611136e-08	2.575857146301446576e+01	2.572659122263498688e+01	6.437884368222412945e-02	2.648027012581189155e+01	2.646951989421867069e+01	2.115809137694668607e-02	2.706959063897028273e+01	2.703400692952426709e+01	7.135328476165270217e-02
6.500000000000000000e+01	1.000000000000000000e+00	9.162669999999999959e+01	0.000000000000000000e+00	1.855717092202023577e-05	3.864452196137539849e-05	1.442431954632664056e-09	1.156672067975607021e+01	1.064264001855871021e-05	6.895634387986621441e-06	1.530215922008158758e-08	2.705050747224583318e+01	2.703045253520353342e+01	4.028319051929685202e-02	2.777437200218028224e+01	2.776798256195280601e+01	1.261474427913711338e-02	2.837592905580613589e+01	2.835313311893370525e+01	4.569003365870116795e-02
7.000000000000000000e+01	1.000000000000000000e+00	9.162669999999999959e+01	0.000000000000000000e+00	1.212362112894651850e-05	2.397217518490404544e-05	5.950672869841572012e-10	1.204784916535651718e+01	6.191443404000374420e-06	3.940822731013544911e-06	1.717564866547671709e-08	2.828923928475886029e+01	2.827655846822325003e+01	2.543822759388447707e-02	2.901659961664011433e+01	2.901274280500575742e+01	7.631912620706060579e-03	2.962986318000268682e+01	2.961514390275258535e+01	2.949175454567765087e-02
7.500000000000000000e+01	1.000000000000000000e+00	9.162669999999999959e+01	0.000000000000000000e+00	7.952177913790270405e-06	1.506739893029912722e-05	2.529733349386062148e-10	1.251184507040020577e+01	3.663339771453006874e-06	2.292469872580344676e-06	1.638719561632787618e-08	2.948104500018509455e+01	2.947295814482481902e+01	1.621002605383381479e-02	3.021286495816823603e+01	3.021050377639124918e+01	4.680145792704593077e-03	3.083743359898220859e+01	3.082785319780528255e+01	1.919038271858397593e-02
8.000000000000000000e+01	1.000000000000000000e+00	9.162669999999999959e+01	0.000000000000000000e+00	5.242012403181532874e-06	9.585035404093465662e-06	1.105025255721318752e-10	1.296042173170436662e+01	2.193947843338482293e-06	1.355588995139095712e-06	1.675536457300917659e-08	3.063101233035855842e+01	3.062581112304390274e+01	1.042087266767310894e-02	3.136801146485026948e+01	3.136654707878433967e+01	2.906173621298080434e-03	3.200357415307808395e+01	3.199728911598325709e+01	1.258693035174474062e-02
8.500000000000000000e+01	1.000000000000000000e+00	9.162669999999999959e+01	0.000000000000000000e+00	3.474565662673621908e-06	6.165322622960096787e-06	4.947707465085320084e-11	1.339502411958002526e+01	1.344213896465554919e-06	8.028369116665386163e-07	1.642995522813973930e-08	3.174334461928846807e+01	3.173997147231639104e+01	6.756281699473731805e-03	3.248607204802150505e+01	3.248515294645615370e+01	1.825703566808556388e-03	3.313237942261903157e+01	3.312822442365797571e+01	8.319826012368025658e-03
9.000000000000000000e+01	1.000000000000000000e+00	9.162669999999999959e+01	0.000000000000000000e+00	2.316371125258166894e-06	4.006472141564744123e-06	2.266447230977502834e-11	1.381688433827025619e+01	8.233333696734946832e-07	4.896649716026908733e-07	1.462768800526827543e-08	3.282156909145342638e+01	3.281936387170694047e+01	4.416132073252754253e-03	3.357045056585028675e+01	3.356986730014568110e+01	1.159409418569623540e-03	3.422729542681562265e+01	3.422452809823583664e+01	5.540508764731555402e-03
9.500000000000000000e+01	1.000000000000000000e+00	9.162669999999999959e+01	0.000000000000000000e+00	1.553324684779518478e-06	2.628425520537557959e-06	1.059332519800120783e-11	1.422706316506821267e+01	5.025350368120448663e-07	3.077023307852810863e-07	1.685685088693641975e-08	3.386868396583491858e+01	3.386723112898834387e+01	2.909052723111926753e-03	3.462405327225415874e+01	3.462367931231235474e+01	7.437531457696877624e-04	3.529125774207495425e+01	3.528940141726815227e+01	3.716199927403351921e-03
1.000000000000000000e+00	9.000000000000000222e-01	9.162669999999999959e+01	0.000000000000000000e+00	1.964456358888210796e-01	1.741063952050139196e-01	2.648187592812351054e-03	7.854362186953824931e-01	1.982632358642360815e-01	1.863554562183809826e-01	1.004558472464008251e-03	3.595185549445447215e+00	5.078663493032882226e-01	3.201297492233986297e+00	5.580064926140868131e+00	4.155837788522661391e+00	5.476162798781220253e+00	6.280903003400573503e+00	4.156110851251704652e+00	4.607639583657364035e+00
3.000000000000000000e+00	9.000000000000000222e-01	9.162669999999999959e+01	0.000000000000000000e+00	1.448240716294633690e-01	1.415046434297460853e-01	3.814318820917472590e-03	1.415400548119409185e+00	1.496985384923028850e-01	1.380565200805062842e-01	3.733376709284827108e-03	3.955135037686171362e+00	1.566851180590414838e+00	2.717062085218957534e+00	5.792931247723683619e+00	4.558104444311283032e+00	4.974212251954886810e+00	6.630327535415350582e+00	4.803696994824361077e+00	4.109200052261842373e+00
5.000000000000000000e+00	9.000000000000000222e-01	9.162669999999999959e+01	0.000000000000000000e+00	9.093520389905035417e-02	1.002712106079374083e-01	3.617448700147841284e-03	2.120419267822475362e+00	1.010496544696902477e-01	9.109917704787093284e-02	3.644004637398791466e-03	4.533773156904477020e+00	2.676565654071090705e+00	2.285293151522344246e+00	6.213908058790356570e+00	5.123516672699196306e+00	4.453934987017221125e+00	7.171938125028592736e+00	5.585263338994066018e+00	3.702262144697912483e+00
7.000000000000000000e+00	9.000000000000000222e-01	9.162669999999999959e+01	0.000000000000000000e+00	5.383381391347698275e-02	6.851954658229253425e-02	2.312967078913998574e-03	2.793310560823825117e+00	6.541769113667657287e-02	5.766446447628658517e-02	2.357068243269276175e-03	5.250343496572108748e+00	3.827664174028887700e+00	1.912022934868909063e+00	6.817320492019500300e+00	5.848468959976123926e+00	3.947528404503072519e+00	7.843100310848599932e+00	6.472504211421685305e+00	3.399522335717418908e+00
9.000000000000000000e+00	9.000000000000000222e-01	9.162669999999999959e+01	0.000000000000000000e+00	3.122474189545876300e-02	4.679591143057022784e-02	1.273698423851795866e-03	3.397334057692228626e+00	4.214044031440104116e-02	3.637234002171108038e-02	1.303644914055304390e-03	6.074268150473987049e+00	5.010109973954456564e+00	1.524815591416599281e+00	7.552914446026051110e+00	6.717739789907444248e+00	3.461956093100855281e+00	8.605943424619475479e+00	7.439088764418091415e+00	3.057418437629433772e+00
1.100000000000000000e+01	9.000000000000000222e-01	9.162669999999999959e+01	0.000000000000000000e+00	1.799196314821406920e-02	3.236306006322715867e-02	6.663243822911193732e-04	3.935225847852016567e+00	2.743367682381537762e-02	2.322494029176185026e-02	6.820891690271066368e-04	6.987261802395200228e+00	6.134563999613127372e+00	1.469210294941454942e+00	8.379865753992731925e+00	7.663851842087757049e+00	2.998850546968578445e+00	9.434393269317300934e+00	8.467477171761528254e+00	2.732064816392515638e+00
1.300000000000000000e+01	9.000000000000000222e-01	9.162669999999999959e+01	0.000000000000000000e+00	1.031488627548011842e-02	2.273905764883521821e-02	3.453280672137504052e-04	4.419849530623907619e+00	1.814025470120273625e-02	1.508673093883747089e-02	3.524842884898133320e-04	7.964265652557035224e+00	7.104125339844934217e+00	1.471783831680258281e+00	9.271920007200824543e+00	8.599946499087719687e+00	2.558631283469733120e+00	1.030908019716394897e+01	9.518696014364666169e+00	2.420074796841486187e+00
1.500000000000000000e+01	9.000000000000000222e-01	9.162669999999999959e+01	0.000000000000000000e+00	5.852922374046285250e-03	1.622695158102984564e-02	1.804927500889514063e-04	4.862998404257101726e+00	1.219306416729180192e-02	9.975334408218489157e-03	1.832664901212518148e-04	8.980889196030732435e+00	8.129400781208968141e+00	1.520397796063395646e+00	1.020654223541228944e+01	9.537875993135068953e+00	2.229137911383384019e+00	1.121166852893096433e+01	1.044770339246668556e+01	2.206316107613072397e+00
1.700000000000000000e+01	9.000000000000000222e-01	9.162669999999999959e+01	0.000000000000000000e+00	3.250769032271822075e-03	1.174456289480875493e-02	9.584141075012185551e-05	5.273484761720656167e+00	8.324546823892650660e-03	6.706904867469256661e-03	9.661052135004973181e-05	1.001256788771264183e+01	9.181943231894221569e+00	1.431262230757731180e+00	1.116496528971601521e+01	1.064651654653130386e+01	1.779705311880528162e+00	1.212556289339413418e+01	1.140058996599249497e+01	2.160251291044700039e+00
1.900000000000000000e+01	9.000000000000000222e-01	9.162669999999999959e+01	0.000000000000000000e+00	1.731948518341353861e-03	8.607873456071959972e-03	5.183941515165597534e-05	5.657637479955303306e+00	5.765747840964765593e-03	4.578979399399654357e-03	5.178836945688813746e-05	1.104433914694168983e+01	1.024114399309839385e+01	1.295510364977437989e+00	1.212401718777353388e+01	1.173460369899193978e+01	1.382092944913819288e+00	1.303502884314961108e+01	1.235571234842436183e+01	1.904930250530477931e+00
2.000000000000000000e+01	9.000000000000000222e-01	9.162669999999999959e+01	0.000000000000000000e+00	1.230571862905344800e-03	7.400739611223566480e-03	3.839804316046030702e-05	5.841323378943526379e+00	4.822496933007728269e-03	3.803568651371611389e-03	3.816561229075558434e-05	1.155530968863431873e+01	1.076825781238885504e+01	1.280844958007964829e+00	1.259866525381905866e+01	1.223783018748396323e+01	1.208610962106241526e+00	1.348360379332332393e+01	1.282871719065451899e+01	1.783345252306947071e+00
2.500000000000000000e+01	9.000000000000000222e-01	9.162669999999999959e+01	0.000000000000000000e+00	5.851495019965524853e-05	3.606062127305935047e-03	9.172152346147888319e-06	6.692422581388720815e+00	2.062933032680847913e-03	1.575818934224469149e-03	8.841889993806183526e-06	1.399408145970857476e+01	1.332210282801220380e+01	1.233177971961758157e+00	1.487959356098072128e+01	1.456040237663008519e+01	5.920594982015565666e-01	1.559530024687353489e+01	1.512718688893455621e+01	1.237660752596879687e+00
3.000000000000000000e+01	9.000000000000000222e-01	9.162669999999999959e+01	0.000000000000000000e+00	1.864550142362125806e-04	1.847518410601238807e-03	2.431171773345977070e-06	7.456655302595736501e+00	9.391419668659964446e-04	6.970217025649787755e-04	2.249841383818260848e-06	1.617429621790713057e+01	1.566251296518324665e+01	1.035270258522122511e+00	1.696768399457205945e+01	1.671448818576946138e+01	4.519478658306872454e-01	1.754681811090374310e+01	1.717225271840541367e+01	9.110564099215034961e-01
3.500000000000000000e+01	9.000000000000000222e-01	9.162669999999999959e+01	0.000000000000000000e+00	1.909127493973025182e-04	9.848008359052500514e-04	7.039774420422358882e-07	8.156549490271972402e+00	4.496418084557604264e-04	3.250201267737645294e-04	6.151135566450239428e-07	1.809850201520010060e+01	1.775650940576337788e+01	7.439353027676798291e-01	1.886505476707964490e+01	1.867420532390249832e+01	3.547681808079135024e-01	1.938465270164543597e+01	1.903982621635545414e+01	7.044885116847767748e-01
4.000000000000000000e+01	9.000000000000000222e-01	9.162669999999999959e+01	0.000000000000000000e+00	1.457336935386642648e-04	5.422062137606583091e-04	2.196878312839117828e-07	8.806213886660298584e+00	2.244557067651966383e-04	1.583147119423105546e-04	1.725646839227743673e-07	1.984674206019558085e+01	1.962981104717425040e+01	4.560079185640901756e-01	2.058698670200813297e+01	2.048322521877491198e+01	1.988235983224209136e-01	2.111196905578863081e+01	2.088773803893833758e+01	4.513265503048673466e-01
4.500000000000000000e+01	9.000000000000000222e-01	9.162669999999999959e+01	0.000000000000000000e+00	1.012474664605717489e-04	3.067481258987177998e-04	7.307660258321892293e-08	9.415206570565473498e+00	1.160630889142063096e-04	8.000729752917121705e-05	4.277325788503393011e-08	2.146207031227620732e+01	2.132703270307297316e+01	2.781258930907952731e-01	2.218672736098677234e+01	2.212947884991630332e+01	1.107091537876740972e-01	2.272404804384196098e+01	2.258273752891989616e+01	2.839524473558316942e-01
5.000000000000000000e+01	9.000000000000000222e-01	9.162669999999999959e+01	0.000000000000000000e+00	6.765282465683119357e-05	1.776313337745492936e-04	2.568277028933965724e-08	9.990371633475383817e+00	6.186218024596614080e-05	4.173046324014223138e-05	1.368324115689004139e-09	2.297222588271800348e+01	2.288867161303722497e+01	1.700646116075166248e-01	2.368859778318906351e+01	2.365638246988253712e+01	6.277281791740740857e-02	2.423929386462339863e+01	2.415029047470916623e+01	1.786684497423287610e-01
5.500000000000000000e+01	9.000000000000000222e-01	9.162669999999999959e+01	0.000000000000000000e+00	4.445029353446257477e-05	1.049741106690022842e-04	9.469009666425326303e-09	1.053681531973273522e+01	3.385589318176916718e-05	2.236652608866244313e-05	8.842644108912264822e-09	2.439686589458039379e+01	2.434509544493031541e+01	1.046562277659326412e-01	2.510953343174620045e+01	2.509104172453637460e+01	3.624053623468626029e-02	2.567303342826537360e+01	2.561675096740739122e+01	1.129043173189945293e-01
6.000000000000000000e+01	9.000000000000000222e-01	9.162669999999999959e+01	0.000000000000000000e+00	2.902163466938279237e-05	6.316033498407987493e-05	3.641231203817052873e-09	1.105847023686939856e+01	1.896303971015801803e-05	1.228197539068022694e-05	1.393574100987511046e-08	2.575000922298792005e+01	2.571776083942930313e+01	6.493504040404118882e-02	2.646189470676087296e+01	2.645108179405510995e+01	2.128198381841173159e-02	2.703740237127901480e+01	2.700158584882651880e+01	7.181114233408791847e-02
6.500000000000000000e+01	9.000000000000000222e-01	9.162669999999999959e+01	0.000000000000000000e+00	1.893305055798318094e-05	3.861679122564271418e-05	1.453444406181806978e-09	1.155844290158457710e+01	1.083748410043582251e-05	6.893304453509064775e-06	1.705096614921207399e-08	2.704201355877318846e+01	2.702177867382389209e+01	4.065130383154524907e-02	2.775506719084104290e+01	2.774863628576333952e+01	1.269676408648123811e-02	2.834190877193022828e+01	2.831894614061719651e+01	4.602078229795125708e-02
7.000000000000000000e+01	9.000000000000000222e-01	9.162669999999999959e+01	0.000000000000000000e+00	1.237922561316826357e-05	2.395482154904105134e-05	5.998287459416271288e-10	1.203923875165800794e+01	6.308292670979473438e-06	3.942192246090842761e-06	1.681029476231256370e-08	2.828081916622762293e+01	2.826801817391787353e+01	2.568204435063492497e-02	2.899640520039219638e+01	2.899252092429007277e+01	7.686287320723295124e-03	2.959406769862363262e+01	2.957922932657010051e+01	2.972913652851616462e-02
7.500000000000000000e+01	9.000000000000000222e-01	9.162669999999999959e+01	0.000000000000000000e+00	8.126260277434958434e-06	1.505640406258694733e-05	2.550850737016606986e-10	1.250291378206997273e+01	3.736586795406813405e-06	2.292450097433158460e-06	1.679003097188394578e-08	2.947270413284737245e+01	2.946453708551757344e+01	1.637191418797812048e-02	3.019181576005347267e+01	3.018943632711792802e+01	4.716310485669339414e-03	3.079991419397698138e+01	3.079024880117338014e+01	1.936018214628987266e-02
8.000000000000000000e+01	9.000000000000000222e-01	9.162669999999999959e+01	0.000000000000000000e+00	5.360897787845096961e-06	9.577989814509938537e-06	1.114659679694761593e-10	1.295118016444724951e+01	2.245921361578278125e-06	1.352156161894739805e-06	1.638913354829538335e-08	3.062275532510068388e+01	3.061750052308927650e+01	1.052873948709986962e-02	3.134613834395740284e+01	3.134466177564465639e+01	2.930330886055543260e-03	3.196437810452219708e+01	3.195803242315450632e+01	1.270822720701403341e-02
8.500000000000000000e+01	9.000000000000000222e-01	9.162669999999999959e+01	0.000000000000000000e+00	3.556038688226450099e-06	6.160760246288245686e-06	4.992289168319252290e-11	1.338548188425385277e+01	1.367579582184665134e-06	8.078818341197024720e-07	1.582736318951719305e-08	3.173517504580204829e+01	3.173176597318442305e+01	6.828451978250882348e-03	3.246340262684353206e+01	3.246247535287761821e+01	1.841919786684798055e-03	3.309155077188692928e+01	3.308735247344361596e+01	8.406478235137626598e-03
9.000000000000000000e+01	9.000000000000000222e-01	9.162669999999999959e+01	0.000000000000000000e+00	2.372425531519195102e-06	4.003488966132454644e-06	2.287253886928054402e-11	1.380705020446448827e+01	8.387495070449370316e-07	4.899199433131516679e-07	1.588499518034858227e-08	3.281348952910655470e+01	3.281126013560466248e+01	4.464637656795389375e-03	3.354700977727279820e+01	3.354642099976596370e+01	1.170352277604536084e-03	3.418487540913045564e+01	3.418207712555128097e+01	5.602471372476713896e-03
9.500000000000000000e+01	9.000000000000000222e-01	9.162669999999999959e+01	0.000000000000000000e+00	1.592053379641449733e-06	2.626457216557298539e-06	1.069899914800161713e-11	1.421694517700415972e+01	5.299141633103524734e-07	2.926687098167308348e-07	1.662366310535220992e-08	3.386069613450050042e+01	3.385922696140102772e+01	2.941807962024256540e-03	3.459986378166251342e+01	3.459948608391858471e+01	7.511774270412274745e-04	3.524728508265593518e+01	3.524540658888865607e+01	3.760578910330991675e-03
1.000000000000000000e+00	8.000000000000000444e-01	9.162669999999999959e+01	0.000000000000000000e+00	1.965282122388615771e-01	1.740853572998608267e-01	2.646821948722733776e-03	7.850802237625899016e-01	1.984227867695246839e-01	1.862438032631325568e-01	9.938531449368982577e-04	3.595170706371936031e+00	5.077934729243414047e-01	3.201100190865255435e+00	5.580017426559135352e+00	4.153526302887835087e+00	5.478576551552268192e+00	6.280774098284310547e+00	4.153955722837308961e+00	4.610013034985725788e+00
3.000000000000000000e+00	8.000000000000000444e-01	9.162669999999999959e+01	0.000000000000000000e+00	1.453378138904341532e-01	1.413144477218334638e-01	3.781612234624472362e-03	1.412965737280100331e+00	1.502934858531214390e-01	1.378031530541148353e-01	3.698904182301370434e-03	3.954611156821737250e+00	1.566198416113339098e+00	2.717669643653921163e+00	5.792190024052081831e+00	4.553511383816421620e+00	4.982406521793134146e+00	6.629152344095240679e+00	4.798623482280501840e+00	4.115685344373900101e+00
5.000000000000000000e+00	8.000000000000000444e-01	9.162669999999999959e+01	0.000000000000000000e+00	9.159460023239171522e-02	1.000879659935896837e-01	3.594171816011617823e-03	2.115267249228676150e+00	1.018489350313925290e-01	9.087410432913042846e-02	3.620546351142884395e-03	4.532156104222168302e+00	2.674773893887016918e+00	2.284754171010652257e+00	6.211257867659653265e+00	5.114762225596807710e+00	4.467060488745129732e+00	7.168827019417280511e+00	5.578927161119802136e+00	3.701408447988093542e+00
7.000000000000000000e+00	8.000000000000000444e-01	9.162669999999999959e+01	0.000000000000000000e+00	5.441815113729003839e-02	6.838510183063931103e-02	2.304852584605564074e-03	2.785827323379143294e+00	6.619067600157571563e-02	5.750765827889795651e-02	2.349037134948055335e-03	5.246839563511125348e+00	3.824211318997592812e+00	1.911747360579751920e+00	6.811878590047383497e+00	5.838305425727346787e+00	3.964868329070293296e+00	7.837645796598083692e+00	6.466228111581774129e+00	3.393593636400206837e+00
9.000000000000000000e+00	8.000000000000000444e-01	9.162669999999999959e+01	0.000000000000000000e+00	3.166466734713199727e-02	4.670216453000078372e-02	1.272746415957066047e-03	3.388090354608913835e+00	4.279018325414311874e-02	3.626948161121199693e-02	1.302859311521358584e-03	6.068650388903043869e+00	5.004516362653333772e+00	1.523795538702233276e+00	7.543981901815694613e+00	6.698704250926809323e+00	3.482979407686246365e+00	8.597614935448172346e+00	7.433694812853180345e+00	3.043570957293437740e+00
1.100000000000000000e+01	8.000000000000000444e-01	9.162669999999999959e+01	0.000000000000000000e+00	1.829567701285381848e-02	3.229738311727238520e-02	6.674329149275333960e-04	3.924604197434998554e+00	2.794617965840540813e-02	2.315774071202504267e-02	6.833464017728070128e-04	6.978963553879036219e+00	6.129104350147589031e+00	1.464875877449510311e+00	8.367071886023701666e+00	7.639350510004216943e+00	3.023137287874230417e+00	9.422685977891273268e+00	8.463038861001589197e+00	2.709191002313927399e+00
1.300000000000000000e+01	8.000000000000000444e-01	9.162669999999999959e+01	0.000000000000000000e+00	1.051312258116335677e-02	2.269231415847392311e-02	3.466216739872455990e-04	4.408064797059436657e+00	1.853301888656498642e-02	1.504234268556244383e-02	3.538803559656063767e-04	7.952695320724217254e+00	7.094270608133459000e+00	1.475319598972465451e+00	9.255067545274547669e+00	8.608090878456808426e+00	2.585829196361422166e+00	1.029341807253202923e+01	9.506525955260093141e+00	2.404491153927882152e+00
1.500000000000000000e+01	8.000000000000000444e-01	9.162669999999999959e+01	0.000000000000000000e+00	5.976211952146722947e-03	1.619315578767361805e-02	1.814970214131826696e-04	4.850175263752863231e+00	1.249038864947264911e-02	9.945595769813988379e-03	1.843314908218985672e-04	8.965821105677928671e+00	8.115004210321844269e+00	1.524956516018606267e+00	1.018536397436120033e+01	9.519995216278486438e+00	2.240646527907513175e+00	1.119168751509399051e+01	1.043385829004300902e+01	2.231537979054197152e+00
1.700000000000000000e+01	8.000000000000000444e-01	9.162669999999999959e+01	0.000000000000000000e+00	3.323217032666134392e-03	1.171978908024011098e-02	9.652920709857649821e-05	5.259704326691030829e+00	8.548701397741992683e-03	6.686703626903395085e-03	9.733134441711871997e-05	9.992757774296288531e+00	9.163030731125681783e+00	1.388520091127417810e+00	1.114057807019609747e+01	1.062483857461793590e+01	1.792754136835327028e+00	1.210057210028942620e+01	1.138451725133831793e+01	2.140051748577018742e+00
1.900000000000000000e+01	8.000000000000000444e-01	9.162669999999999959e+01	0.000000000000000000e+00	1.770961445429018039e-03	8.589495266736309198e-03	5.228667118146247987e-05	5.642959095680321724e+00	5.934765729426867698e-03	4.565072779085018601e-03	5.225109293368864274e-05	1.102052098365810728e+01	1.021789919232239541e+01	1.273373478427518357e+00	1.209594733109301323e+01	1.170136747914241937e+01	1.416378154402866185e+00	1.300494814650170738e+01	1.233613850883421215e+01	1.883989230644713908e+00
2.000000000000000000e+01	8.000000000000000444e-01	9.162669999999999959e+01	0.000000000000000000e+00	1.257655646022939454e-03	7.384847239441489145e-03	3.875528245154200426e-05	5.826214295508570729e+00	4.969377501676697229e-03	3.791978805754804126e-03	3.853390464150004829e-05	1.152960144318257107e+01	1.074296482833453403e+01	1.282325820462655974e+00	1.256885366043120200e+01	1.220843573149464234e+01	1.243898758496211343e+00	1.345103033137542070e+01	1.280677020952862755e+01	1.762705440543536062e+00
2.500000000000000000e+01	8.000000000000000444e-01	9.162669999999999959e+01	0.000000000000000000e+00	5.489398817984988271e-05	3.598112652730536820e-03	9.284981641176356324e-06	6.675305984306475260e+00	2.136733060535711895e-03	1.570955283047783309e-03	8.953096150049423205e-06	1.396085757350373413e+01	1.328845285472270810e+01	1.200717288251690551e+00	1.484264081470677077e+01	1.452514576641441657e+01	6.099933051271734241e-01	1.554973207645824118e+01	1.508430085967845891e+01	1.228070346479893438e+00
3.000000000000000000e+01	8.000000000000000444e-01	9.162669999999999959e+01	0.000000000000000000e+00	1.972441102124400966e-04	1.843353014558792372e-03	2.467238018104440346e-06	7.437722935361318122e+00	9.772443573262353834e-04	6.948537590107186929e-04	2.286292953562231445e-06	1.613886521625128623e+01	1.562445990783566607e+01	1.031860004934594954e+00	1.692537487746425739e+01	1.667351798492864035e+01	4.447974059041612804e-01	1.748949184748818908e+01	1.712139997903310729e+01	9.000172110934825387e-01
3.500000000000000000e+01	8.000000000000000444e-01	9.162669999999999959e+01	0.000000000000000000e+00	2.013633721310837906e-04	9.825367904553270609e-04	7.159799189655141192e-07	8.135947342007767702e+00	4.698682381663878919e-04	3.240057081675810392e-04	6.262003962216339953e-07	1.806372179058290328e+01	1.771738859766933416e+01	7.576891336848454728e-01	1.882026096383675906e+01	1.862861275557889940e+01	3.504597091774321882e-01	1.931411890369357920e+01	1.898397354872486176e+01	6.900243903019589453e-01
4.000000000000000000e+01	8.000000000000000444e-01	9.162669999999999959e+01	0.000000000000000000e+00	1.539872202674823286e-04	5.409382154562998590e-04	2.238684057890626906e-07	8.784058061152226315e+00	2.354749742651295660e-04	1.578191285759973032e-04	1.761474115306339849e-07	1.981219601195973112e+01	1.959128121595043481e+01	4.664121685246200855e-01	2.053811485827189642e+01	2.043333102735610751e+01	2.008957282744603390e-01	2.103251529217288152e+01	2.080577742107348627e+01	4.550546395870664895e-01
4.500000000000000000e+01	8.000000000000000444e-01	9.162669999999999959e+01	0.000000000000000000e+00	1.072700639949485492e-04	3.060198767499138655e-04	7.459869226960092523e-08	9.391592133515896279e+00	1.222149942056497112e-04	7.975090142458288655e-05	4.639104663485422119e-08	2.142772297360264133e+01	2.128951845659407738e+01	2.855249195547369112e-01	2.213375131072673696e+01	2.207576407014601472e+01	1.121804013349212426e-01	2.263697367160476048e+01	2.249386487394966849e+01	2.870002559819795351e-01
5.000000000000000000e+01	8.000000000000000444e-01	9.162669999999999959e+01	0.000000000000000000e+00	7.188727939552854796e-05	1.772039410297832486e-04	2.626019090357784189e-08	9.965378202743927716e+00	6.537308926970889292e-05	4.158855509122207431e-05	3.905710489185074130e-09	2.293796162694443908e+01	2.285208557787309758e+01	1.751541507814540211e-01	2.363181859718402222e+01	2.359909663623405507e+01	6.377577194601435906e-02	2.414518422027568789e+01	2.405488594608957698e+01	1.810389157219507439e-01
5.500000000000000000e+01	8.000000000000000444e-01	9.162669999999999959e+01	0.000000000000000000e+00	4.737290906781719115e-05	1.047185011539686209e-04	9.696432158106825829e-09	1.051051080286620376e+01	3.589186831326777669e-05	2.229603328127160999e-05	9.587636598702709012e-09	2.436263567678078346e+01	2.430923636668046939e+01	1.080980766460122311e-01	2.504918350671965044e+01	2.503035219819788182e+01	3.691174977634581467e-02	2.557226914577792698e+01	2.551505215706289675e+01	1.146889801502055661e-01
6.000000000000000000e+01	8.000000000000000444e-01	9.162669999999999959e+01	0.000000000000000000e+00	3.102084093501542733e-05	6.300488312897780578e-05	3.733904779429069491e-09	1.103091342841106126e+01	2.016736780117555500e-05	1.224117248358196249e-05	1.480783189751651296e-08	2.571581726519324462e+01	2.568245243406639133e+01	6.724410325632135255e-02	2.639816359240393240e+01	2.638712514407349730e+01	2.172780987153899446e-02	2.693025045781633509e+01	2.689375977349790858e+01	7.312796630731455139e-02
6.500000000000000000e+01	8.000000000000000444e-01	9.162669999999999959e+01	0.000000000000000000e+00	2.029567881741385104e-05	3.852082261373919496e-05	1.492394829328623262e-09	1.152968534607996531e+01	1.156375336999054815e-05	6.868416819090245734e-06	1.680756374963093824e-08	2.700788849972900607e+01	2.698689724202408158e+01	4.219592891317702765e-02	2.768811468479320226e+01	2.768153435250923877e+01	1.299235801826981174e-02	2.822857884405750895e+01	2.820513060924452375e+01	4.698068705680213952e-02
7.000000000000000000e+01	8.000000000000000444e-01	9.162669999999999959e+01	0.000000000000000000e+00	1.330755697058741126e-05	2.389476576415190627e-05	6.166637998231071055e-10	1.200932611671821348e+01	6.755741674068947364e-06	3.923215876037609504e-06	1.629094402238150108e-08	2.824679665339949963e+01	2.823348578896534278e+01	2.671538946073681586e-02	2.892636900107127573e+01	2.892238559651562824e+01	7.882551000733428737e-03	2.947473915548043166e+01	2.945955149274921681e+01	3.042394110508439553e-02
7.500000000000000000e+01	8.000000000000000444e-01	9.162669999999999959e+01	0.000000000000000000e+00	8.759652929204677884e-06	1.501835433769948904e-05	2.625535310929522921e-10	1.247188689438895537e+01	4.018403101624292567e-06	2.274575141798362149e-06	1.693218665927906375e-08	2.943881881911334375e+01	2.943030845041782939e+01	1.706451262573338568e-02	3.011881642609711918e+01	3.011637101616958390e+01	4.847046285625822293e-03	3.067474837707091240e+01	3.066483194737802620e+01	1.986118609839593319e-02
8.000000000000000000e+01	8.000000000000000444e-01	9.162669999999999959e+01	0.000000000000000000e+00	5.794218185774210712e-06	9.553607440895126829e-06	1.148517560087732604e-10	1.291907580762632790e+01	2.419838870923061644e-06	1.345444069005994822e-06	1.721264857317168773e-08	3.058903784858146935e+01	3.058355159519698674e+01	1.099433811641148395e-02	3.127028273828801019e+01	3.126876206403152736e+01	3.017792840076083394e-03	3.183352376888738533e+01	3.182699768481077029e+01	1.306887489380059719e-02
8.500000000000000000e+01	8.000000000000000444e-01	9.162669999999999959e+01	0.000000000000000000e+00	3.853504353875928256e-06	6.144971553797925440e-06	5.149859772076402808e-11	1.335233342423908631e+01	1.481910586999474547e-06	8.056169967236674612e-07	1.827988107693141739e-08	3.170165127699172203e+01	3.169808576561725744e+01	7.142600032281620770e-03	3.238478642322812107e+01	3.238382951614716632e+01	1.900719432072150994e-03	3.295514673330592359e+01	3.295081871907679272e+01	8.666016709504731352e-03
9.000000000000000000e+01	8.000000000000000444e-01	9.162669999999999959e+01	0.000000000000000000e+00	2.577426645906397752e-06	3.993165347408181708e-06	2.361461502941642448e-11	1.377288808756853555e+01	9.110342037580224095e-07	4.867467846322425656e-07	1.578227500423357021e-08	3.278018074586206154e+01	3.277784525106184077e+01	4.677467682384417458e-03	3.346571934702116380e+01	3.346511055392368661e+01	1.210089723080898239e-03	3.404305200858714642e+01	3.404016034993451001e+01	5.789373264747155190e-03
9.500000000000000000e+01	8.000000000000000444e-01	9.162669999999999959e+01	0.000000000000000000e+00	1.733921592346412556e-06	2.619645741491345698e-06	1.105867708876022847e-11	1.418179733197682779e+01	5.700315374730213075e-07	2.967892944092352658e-07	1.676787295015573498e-08	3.382761952208342393e+01	3.382607810417629679e+01	3.086623614507288949e-03	3.451597765070448531e+01	3.451558635959974453e+01	7.781770163433066045e-04	3.510016513981211972e+01	3.509821932474908124e+01	3.895353031730053317e-03
1.000000000000000000e+00	7.000000000000000666e-01	9.162669999999999959e+01	0.000000000000000000e+00	1.966890051961799890e-01	1.740418581915404161e-01	2.644326725642014153e-03	7.843740166638585309e-01	1.987355543171517858e-01	1.860233438858920063e-01	9.728067068175075141e-04	3.595157878088858450e+00	5.076501120859253646e-01	3.200708717474980425e+00	5.579931660663548065e+00	4.148988678380245432e+00	5.483308471257547723e+00	6.280535959955524383e+00	4.149733186270776031e+00	4.614663069749720847e+00
3.000000000000000000e+00	7.000000000000000666e-01	9.162669999999999959e+01	0.000000000000000000e+00	1.463512448849429992e-01	1.409381129574193980e-01	3.716815433173046961e-03	1.408116457169970026e+00	1.514684841917958713e-01	1.373031537145446568e-01	3.630557555982901613e-03	3.953661864855740227e+00	1.564911024620437630e+00	2.718867746857089873e+00	5.790778836618067693e+00	4.544545374344566291e+00	4.998487323802333293e+00	6.626923083656310887e+00	4.788721807636935779e+00	4.128362247515615202e+00
5.000000000000000000e+00	7.000000000000000666e-01	9.162669999999999959e+01	0.000000000000000000e+00	9.290586869764153044e-02	9.972594259333716904e-02	3.547533665978709963e-03	2.105007000514758086e+00	1.034404525842531897e-01	9.043029188334709978e-02	3.573526739249508009e-03	4.529012875920773062e+00	2.671231734579340156e+00	2.283803845787909736e+00	6.206172948131698952e+00	5.097754019678037984e+00	4.492639160106183027e+00	7.162876766900136083e+00	5.566607840582527444e+00	3.699601527464863260e+00
7.000000000000000000e+00	7.000000000000000666e-01	9.162669999999999959e+01	0.000000000000000000e+00	5.558807954730400624e-02	6.811974059413436478e-02	2.288257712578200577e-03	2.770915983790714243e+00	6.774099201261438163e-02	5.719870195198054064e-02	2.332614056962243297e-03	5.239958061309168080e+00	3.817370477876356638e+00	1.911010568153326927e+00	6.801227134233455374e+00	5.816637366499287864e+00	3.998270650737981047e+00	7.827210440913272116e+00	6.454065999321997538e+00	3.381613064996642493e+00
9.000000000000000000e+00	7.000000000000000666e-01	9.162669999999999959e+01	0.000000000000000000e+00	3.255049786844569498e-02	4.651733365623218763e-02	1.270566772509962132e-03	3.369669146833958351e+00	4.410145380498326634e-02	3.606700027517609902e-02	1.301018008680284062e-03	6.057416977119729040e+00	4.993412904540997843e+00	1.522421826778732168e+00	7.526441133318128252e+00	6.662125461916468261e+00	3.522862578794176081e+00	8.581624420236003914e+00	7.423271597158845658e+00	3.015853597965235000e+00
1.100000000000000000e+01	7.000000000000000666e-01	9.162669999999999959e+01	0.000000000000000000e+00	1.891009349929320682e-02	3.216800545690345903e-02	6.695024433882836501e-04	3.903443628395895537e+00	2.898605346559850540e-02	2.302554649221469352e-02	6.857201993172959724e-04	6.962079149715273196e+00	6.116785378741439239e+00	1.455993458250852690e+00	8.341897963313108733e+00	7.592606727028748281e+00	3.068348854650573276e+00	9.400205858369590217e+00	8.454469756186600904e+00	2.663593725234087550e+00
1.300000000000000000e+01	7.000000000000000666e-01	9.162669999999999959e+01	0.000000000000000000e+00	1.091565232467336596e-02	2.260028073831599205e-02	3.491414001572437902e-04	4.384598031234647308e+00	1.933370986158692781e-02	1.495505901914405411e-02	3.566085858860148453e-04	7.928738445033043369e+00	7.072293003577779125e+00	1.484805078157724445e+00	9.221988166696837297e+00	8.574760206232753035e+00	2.635330155054193213e+00	1.026332239029440530e+01	9.486026968689190042e+00	2.369386732098988979e+00
1.500000000000000000e+01	7.000000000000000666e-01	9.162669999999999959e+01	0.000000000000000000e+00	6.227247474693511919e-03	1.612663211672039215e-02	1.834782382281259679e-04	4.824652346170829276e+00	1.309908074122114775e-02	9.887139132354082205e-03	1.864360749547729675e-04	8.932678107061104100e+00	8.082840652873281684e+00	1.467056350855126201e+00	1.014545287484992109e+01	9.528627065852063538e+00	2.224418503494315136e+00	1.115330122214258601e+01	1.041058506936456496e+01	2.277394282321026697e+00
1.700000000000000000e+01	7.000000000000000666e-01	9.162669999999999959e+01	0.000000000000000000e+00	3.470949463987336482e-03	1.167102945102366576e-02	9.789558374215015491e-05	5.232286683724458598e+00	9.009384827574655127e-03	6.646994130937475091e-03	9.876452388898483811e-05	9.951241568381455238e+00	9.120512305583085677e+00	1.382899626289062267e+00	1.109270995045358887e+01	1.058151146986010005e+01	1.836651226899975731e+00	1.205277642411705052e+01	1.134330168968788932e+01	2.111212106363908880e+00
1.900000000000000000e+01	7.000000000000000666e-01	9.162669999999999959e+01	0.000000000000000000e+00	1.850449152239228706e-03	8.553324540348379926e-03	5.317945080355288722e-05	5.613764092221011914e+00	6.283380895197736987e-03	4.537737105322192828e-03	5.317636582746298850e-05	1.097022211468803654e+01	1.016520016796495973e+01	1.283674806188187745e+00	1.204094986477547380e+01	1.161990981207389950e+01	1.473508760519048666e+00	1.294765498056903041e+01	1.227583026927174892e+01	1.867345454135890925e+00
2.000000000000000000e+01	7.000000000000000666e-01	9.162669999999999959e+01	0.000000000000000000e+00	1.312715628849294575e-03	7.353568944567386544e-03	3.946976320161548981e-05	5.796166639409156218e+00	5.272854660469161563e-03	3.769192462759072583e-03	3.926962827323007832e-05	1.147501361041337198e+01	1.068535239254303981e+01	1.293669987305209990e+00	1.251056060396783565e+01	1.212343732455259904e+01	1.301711242726880435e+00	1.338888984435295093e+01	1.274134057544568321e+01	1.747790268428178972e+00
2.500000000000000000e+01	7.000000000000000666e-01	9.162669999999999959e+01	0.000000000000000000e+00	4.677713664928153346e-05	3.582466370841905223e-03	9.512308951325195783e-06	6.641282437605349642e+00	2.290420746179350556e-03	1.561389701355604068e-03	9.178964791584391311e-06	1.388815778822817748e+01	1.320976005352720506e+01	1.210352689811230453e+00	1.477034303095178558e+01	1.445498553826518773e+01	6.387925555848048553e-01	1.546564032944110956e+01	1.501441077483391062e+01	1.202045862598537296e+00
3.000000000000000000e+01	7.000000000000000666e-01	9.162669999999999959e+01	0.000000000000000000e+00	2.202383814509519216e-04	1.835154302129657963e-03	2.540292901548108700e-06	7.400101181941669992e+00	1.057151915289296709e-03	6.905892278572950144e-04	2.354317236303617167e-06	1.605746382074862311e+01	1.553292953525615161e+01	1.048625920676958589e+00	1.684270345804695523e+01	1.659210889490372764e+01	4.471388496886663511e-01	1.738618623157084642e+01	1.702871573227481505e+01	8.812728942794589848e-01
3.500000000000000000e+01	7.000000000000000666e-01	9.162669999999999959e+01	0.000000000000000000e+00	2.236564840551112079e-04	9.780804200522001494e-04	7.403972629794494556e-07	8.095015468464485053e+00	5.125602286698421883e-04	3.220045810549722332e-04	6.480188845775069345e-07	1.797956788290512975e+01	1.762076126382909891e+01	7.916399306986434681e-01	1.873032936683007676e+01	1.853812601860048304e+01	3.354516689695259402e-01	1.919101887143548524e+01	1.888868203875256668e+01	6.595301132116109244e-01
4.000000000000000000e+01	7.000000000000000666e-01	9.162669999999999959e+01	0.000000000000000000e+00	1.716630682073057019e-04	5.384423880409446245e-04	2.324047438191672471e-07	8.740045527906620038e+00	2.588751340116991892e-04	1.568401569666776074e-04	1.833866744880859622e-07	1.972588406726098498e+01	1.949390535467907881e+01	4.930396168176223171e-01	2.044137357286195567e+01	2.033441367755515117e+01	2.053090627695519643e-01	2.089314560044093128e+01	2.066410713819291800e+01	4.576344616964709289e-01
4.500000000000000000e+01	7.000000000000000666e-01	9.162669999999999959e+01	0.000000000000000000e+00	1.202272532833955992e-04	3.045864631613065358e-04	7.771683469805582672e-08	9.344687011839099000e+00	1.353365327469572329e-04	7.926040798805528316e-05	4.625028062529151773e-08	2.133979803829948452e+01	2.119283811489785307e+01	3.050913428563202245e-01	2.202891566677463331e+01	2.196935446658063285e+01	1.153168179772254831e-01	2.248455819957518287e+01	2.233989362814018520e+01	2.891871331123514466e-01
5.000000000000000000e+01	7.000000000000000666e-01	9.162669999999999959e+01	0.000000000000000000e+00	8.104021501373950267e-05	1.763627160207497475e-04	2.744657924030622399e-08	9.915738106815956243e+00	7.289054477009073406e-05	4.133593214372525450e-05	4.412500697074592249e-09	2.284852062901765990e+01	2.275616052840147319e+01	1.890194920078602792e-01	2.351947782467263082e+01	2.348567358052130771e+01	6.591917739925889919e-02	2.398057006439546868e+01	2.388918724057819531e+01	1.828141354987913303e-01
5.500000000000000000e+01	7.000000000000000666e-01	9.162669999999999959e+01	0.000000000000000000e+00	5.371965544453739555e-05	1.042154009037401819e-04	1.016496534516290924e-08	1.045827022471339696e+01	4.027975624785562307e-05	2.215896752055736448e-05	9.888931786720261963e-09	2.427174752345905162e+01	2.421372208585164287e+01	1.177351755142161949e-01	2.492979324576731770e+01	2.491023412045671748e+01	3.835071044016657993e-02	2.539604322713730511e+01	2.533805139940332296e+01	1.160778260109509574e-01
6.000000000000000000e+01	7.000000000000000666e-01	9.162669999999999959e+01	0.000000000000000000e+00	3.538208246649688238e-05	6.269892252892612287e-05	3.925309810785798157e-09	1.097618884830088248e+01	2.277599565901818214e-05	1.216624752338517743e-05	1.340857189771171768e-08	2.562359508897086613e+01	2.558699614867847671e+01	7.387720604894099097e-02	2.627209605117243285e+01	2.626057253072125519e+01	2.268687341726405293e-02	2.674283132756572812e+01	2.670577901366827689e+01	7.418758364977051656e-02
6.500000000000000000e+01	7.000000000000000666e-01	9.162669999999999959e+01	0.000000000000000000e+00	2.328141618272165685e-05	3.833194048029688083e-05	1.573027990681718250e-09	1.147257890468567609e+01	1.314042743087325389e-05	6.825437774992105898e-06	1.415526823202818466e-08	2.691447380373346476e+01	2.689124525626315787e+01	4.674178644232185320e-02	2.755568406065082243e+01	2.754878117389024439e+01	1.363051147758653769e-02	2.803029095582901320e+01	2.800643266822609689e+01	4.777647399713202958e-02
7.000000000000000000e+01	7.000000000000000666e-01	9.162669999999999959e+01	0.000000000000000000e+00	1.535045192219303088e-05	2.377656811499625355e-05	6.515991911012873958e-10	1.194992832495851154e+01	7.720660955633880038e-06	3.902402205960015663e-06	1.561512530065013726e-08	2.815233818714274605e+01	2.813748697576639657e+01	2.982739742328632815e-02	2.878784632033558211e+01	2.878364815195746829e+01	8.307790284305838213e-03	2.926585461141780797e+01	2.925036655160441867e+01	3.101594437860910602e-02
7.500000000000000000e+01	7.000000000000000666e-01	9.162669999999999959e+01	0.000000000000000000e+00	1.015934728131190820e-05	1.494346878546315328e-05	2.780765741935680544e-10	1.241027867993341971e+01	4.605998438704083514e-06	2.272394700854676874e-06	1.716388935276910721e-08	2.934346008613805168e+01	2.933389062007348969e+01	1.919677529167884700e-02	2.997443916787367968e+01	2.997185029698962211e+01	5.131327308109945307e-03	3.045550782578510507e+01	3.044537097309704521e+01	2.029919428508009105e-02
8.000000000000000000e+01	7.000000000000000666e-01	9.162669999999999959e+01	0.000000000000000000e+00	6.755691460399090063e-06	9.505621369993733975e-06	1.219198752550985618e-10	1.285533009194438847e+01	2.801273752618422402e-06	1.330014338835582011e-06	1.631155296727068715e-08	3.049291151916579778e+01	3.048669650936344766e+01	1.245835312403187345e-02	3.112026153060823574e+01	3.111864460726512860e+01	3.208653997944566072e-03	3.160414669132826049e+01	3.159745870491890685e+01	1.339201585924953974e-02
8.500000000000000000e+01	7.000000000000000666e-01	9.162669999999999959e+01	0.000000000000000000e+00	4.516157595721937695e-06	6.113898834215294420e-06	5.478164818454268784e-11	1.328651635953121968e+01	1.719026774939323016e-06	7.981216379902497660e-07	1.724523627805868431e-08	3.160487744101720153e+01	3.160080945043372935e+01	8.150669057279458229e-03	3.222930992745190792e+01	3.222828812548912225e+01	2.029484277073834164e-03	3.271583673641391954e+01	3.271138969471409297e+01	8.904128004992628576e-03
9.000000000000000000e+01	7.000000000000000666e-01	9.162669999999999959e+01	0.000000000000000000e+00	3.035867594456444873e-06	3.972848414914822655e-06	2.517112612051731619e-11	1.370506004210624340e+01	1.070384074073693972e-06	4.850365310285747328e-07	1.914539338328767604e-08	3.268286700407762879e+01	3.268018406111735885e+01	5.373912827941751402e-03	3.330495794212808391e+01	3.330430516363447424e+01	1.297411557629857271e-03	3.379399980681563420e+01	3.379102054900157270e+01	5.964812078815384666e-03
9.500000000000000000e+01	7.000000000000000666e-01	9.162669999999999959e+01	0.000000000000000000e+00	2.052377343345951240e-06	2.606240904967707051e-06	1.180939982284513720e-11	1.411201368586362648e+01	6.665002401421392386e-07	2.961489463753057966e-07	1.576893901046594326e-08	3.372986185139977522e+01	3.372807938102566538e+01	3.569534587249734159e-03	3.435008628378676576e+01	3.434966501855508625e+01	8.377096369613923343e-04	3.484155043798962481e+01	3.483954007181997525e+01	4.024698555291195134e-03
1.000000000000000000e+00	6.000000000000000888e-01	9.162669999999999959e+01	0.000000000000000000e+00	1.969533525391179429e-01	1.739627674305048444e-01	2.640754895288298289e-03	7.831740246842050501e-01	1.992560185529664574e-01	1.856517411021501307e-01	9.376137310387148158e-04	3.595184686220099124e+00	5.074100239670173984e-01	3.200043101674550527e+00	5.579810842169010243e+00	4.141417436069881219e+00	5.491183852680928013e+00	6.280182817214214452e+00	4.142711744083451109e+00	4.622394581723209050e+00
3.000000000000000000e+00	6.000000000000000888e-01	9.162669999999999959e+01	0.000000000000000000e+00	1.480562666763516888e-01	1.403013359565868923e-01	3.607060079094150107e-03	1.399817382958961964e+00	1.534495475527161423e-01	1.364611851272941323e-01	3.514402631531627144e-03	3.952313789792003096e+00	1.562745267927572401e+00	2.720882881063177550e+00	5.788557186932375309e+00	4.529742978554543775e+00	5.025292388247643238e+00	6.623435391496950153e+00	4.772372249952236523e+00	4.149353365168590102e+00
5.000000000000000000e+00	6.000000000000000888e-01	9.162669999999999959e+01	0.000000000000000000e+00	9.514385835878963471e-02	9.911490966503859468e-02	3.466903895924718006e-03	2.087446867968858477e+00	1.061631122808151806e-01	8.968377711599895274e-02	3.492168895624629937e-03	4.523824891216817079e+00	2.665247764669974373e+00	2.282533630791757417e+00	6.198037470974897545e+00	5.069956971012980596e+00	4.534658846354616024e+00	7.153466251166510581e+00	5.546405218704130391e+00	3.697539695514263869e+00
7.000000000000000000e+00	6.000000000000000888e-01	9.162669999999999959e+01	0.000000000000000000e+00	5.760926065052342226e-02	6.767255256375112604e-02	2.258526424269103640e-03	2.745365484386006028e+00	7.042771267231082155e-02	5.667969614182463006e-02	2.303189048203191196e-03	5.228486456736959553e+00	3.805769587979048740e+00	1.909051418963911395e+00	6.783591220051485848e+00	5.773923597635118199e+00	4.051793543387413266e+00	7.810584498603550863e+00	6.434240541188378515e+00	3.360605286594187113e+00
9.000000000000000000e+00	6.000000000000000888e-01	9.162669999999999959e+01	0.000000000000000000e+00	3.409662798717097432e-02	4.620645280088443718e-02	1.265950940386504839e-03	3.338093428398864138e+00	4.639946638632190534e-02	3.572738443626511523e-02	1.297005128473954511e-03	6.038068770859791101e+00	4.974519551733931344e+00	1.521937758047097411e+00	7.497228933168141651e+00	6.603774143454350209e+00	3.584627614021909103e+00	8.556000012694516599e+00	7.406366170710754204e+00	2.968069612815741998e+00
1.100000000000000000e+01	6.000000000000000888e-01	9.162669999999999959e+01	0.000000000000000000e+00	1.999154529321172519e-02	3.195073407476171912e-02	6.726067204855701483e-04	3.867188648987320398e+00	3.082613409397174861e-02	2.280410358925364853e-02	6.893653187678191584e-04	6.932092324568023045e+00	6.091070188250776951e+00	1.454651999667323059e+00	8.299865052086557782e+00	7.519211686240344861e+00	3.135339154470390355e+00	9.364024226895196534e+00	8.440592237806544773e+00	2.585581571793811317e+00
1.300000000000000000e+01	6.000000000000000888e-01	9.162669999999999959e+01	0.000000000000000000e+00	1.162891928588138599e-02	2.244587201598374424e-02	3.532718287456225285e-04	4.344422734982511969e+00	2.076263527087213179e-02	1.480896669003114487e-02	3.611141882521031951e-04	7.884870164138182425e+00	7.027155502344357707e+00	1.508860004404342314e+00	9.167166117120743252e+00	8.487762958286385384e+00	2.704680438906928330e+00	1.021491098342266035e+01	9.417979081169633560e+00	2.427998195871879261e+00
1.500000000000000000e+01	6.000000000000000888e-01	9.162669999999999959e+01	0.000000000000000000e+00	6.674273728149861251e-03	1.601507751645758759e-02	1.868067584282324619e-04	4.780991294197654895e+00	1.419367719866133221e-02	9.789339690186811549e-03	1.899916945047343253e-04	8.870949382018636697e+00	8.016656973527606311e+00	1.473750134478192031e+00	1.007988362704248608e+01	9.485607804060403936e+00	2.293437865593713099e+00	1.109134380274661424e+01	1.028790754141438590e+01	2.352634175571059583e+00
1.700000000000000000e+01	6.000000000000000888e-01	9.162669999999999959e+01	0.000000000000000000e+00	3.734708360501320414e-03	1.158928125959463387e-02	1.002215319924661536e-04	5.185416615635730864e+00	9.843601167284572045e-03	6.580575132670322611e-03	1.012130529837194980e-04	9.874080496264213025e+00	9.032346137548938003e+00	1.502543057290125272e+00	1.101321283415985697e+01	1.049525012339240959e+01	1.902917204363081982e+00	1.197673139044842472e+01	1.119363077314980792e+01	2.158955568994746610e+00
1.900000000000000000e+01	6.000000000000000888e-01	9.162669999999999959e+01	0.000000000000000000e+00	1.992132530429165192e-03	8.492686507205630952e-03	5.471280445462185446e-05	5.563883812889353742e+00	6.918743610714896825e-03	4.492020154394956236e-03	5.476891793105274388e-05	1.087545684105007027e+01	1.005481897713840311e+01	1.403043268895403539e+00	1.195005785634020512e+01	1.150335748535695402e+01	1.534993552191938004e+00	1.285730464312194243e+01	1.211749553083780206e+01	1.914299693902895338e+00
2.000000000000000000e+01	6.000000000000000888e-01	9.162669999999999959e+01	0.000000000000000000e+00	1.410444427669166854e-03	7.301133062909002241e-03	4.070130577022607629e-05	5.744841888953251541e+00	5.827653571559773815e-03	3.731083546331956727e-03	4.054038097849239387e-05	1.137117434565118756e+01	1.056401397762104644e+01	1.354351707086532963e+00	1.241471144025572215e+01	1.198114487923007943e+01	1.360201527786599973e+00	1.329083632838508500e+01	1.258040722148882651e+01	1.792876036206477508e+00
2.500000000000000000e+01	6.000000000000000888e-01	9.162669999999999959e+01	0.000000000000000000e+00	2.982370872145663227e-05	3.556234722057471237e-03	9.909493652653102215e-06	6.583217378638984485e+00	2.575371448641808510e-03	1.545397353748433761e-03	9.575621353018681434e-06	1.374324441635831917e+01	1.303894028492227264e+01	1.309546319349064847e+00	1.465313540384345536e+01	1.439444695630604976e+01	6.072364847504809759e-01	1.534004568783164935e+01	1.484601313239029530e+01	1.233831466593845239e+00
3.000000000000000000e+01	6.000000000000000888e-01	9.162669999999999959e+01	0.000000000000000000e+00	2.646443875233804328e-04	1.821407866418058973e-03	2.669185581138197130e-06	7.335929773100042794e+00	1.207192420658504718e-03	6.834495713022108697e-04	2.478096179242290226e-06	1.588448001604783855e+01	1.532745666617325497e+01	1.132713411837992901e+00	1.670867676586626160e+01	1.647624391347488526e+01	4.658418075264547653e-01	1.724038298125995894e+01	1.688124227773435848e+01	8.755394193429921756e-01
3.500000000000000000e+01	6.000000000000000888e-01	9.162669999999999959e+01	0.000000000000000000e+00	2.667967131365005067e-04	9.706083857088912328e-04	7.838187349919309563e-07	8.025222813763992491e+00	5.936458008257455192e-04	3.186616350729170829e-04	6.883250783300938841e-07	1.778838418116336939e+01	1.739615443353432767e+01	8.671666727229343508e-01	1.858050345210679666e+01	1.838412968454548491e+01	3.478400781691659560e-01	1.902855901348923950e+01	1.873200702059572365e+01	6.483551443682094018e-01
4.000000000000000000e+01	6.000000000000000888e-01	9.162669999999999959e+01	0.000000000000000000e+00	2.061150609353970694e-04	5.342576085377282423e-04	2.476877518602804474e-07	8.665019090998931972e+00	3.037910040484325205e-04	1.552043097646652395e-04	1.973986762171237361e-07	1.952061917034433591e+01	1.925993806390353669e+01	5.547500697780574086e-01	2.027751242819917721e+01	2.016638587357865831e+01	2.137718845104670251e-01	2.071609905357378878e+01	2.049154497417757526e+01	4.492316137329641634e-01
4.500000000000000000e+01	6.000000000000000888e-01	9.162669999999999959e+01	0.000000000000000000e+00	1.456914670934440943e-04	3.021830827913079111e-04	8.333275468272266734e-08	9.264744964273937455e+00	1.607868188954302002e-04	7.843145373794923984e-05	5.118384772549895712e-08	2.112296555416315158e+01	2.095345828870757288e+01	3.522121487144662666e-01	2.185143466265687096e+01	2.178884981620044670e+01	1.213484698195976819e-01	2.229432955186977949e+01	2.215323237921752053e+01	2.823178329948721199e-01
5.000000000000000000e+01	6.000000000000000888e-01	9.162669999999999959e+01	0.000000000000000000e+00	9.918050589102826936e-05	1.749522841460477568e-04	2.959482266398500219e-08	9.831147423348976844e+00	8.761111442201702584e-05	4.090349567695186067e-05	5.188027719016038986e-09	2.262128029111478966e+01	2.251208593340243880e+01	2.236123800718843313e-01	2.332935486919351931e+01	2.329346018466026891e+01	7.006237720340280362e-02	2.377765505545211511e+01	2.368897740553263986e+01	1.775252703006096056e-01
5.500000000000000000e+01	6.000000000000000888e-01	9.162669999999999959e+01	0.000000000000000000e+00	6.640376725911544822e-05	1.033719079471742013e-04	1.101751008299742076e-08	1.036925890494517333e+01	4.896016736762910659e-05	2.192077743784449570e-05	9.156624992522760520e-09	2.403471703938610915e+01	2.396447792306363667e+01	1.425787328977463631e-01	2.472778693012411111e+01	2.470681311574830730e+01	4.114914188516394233e-02	2.518093964167423593e+01	2.512495302134451336e+01	1.121263387729669603e-01
6.000000000000000000e+01	6.000000000000000888e-01	9.162669999999999959e+01	0.000000000000000000e+00	4.416955441373511900e-05	6.218596823209286500e-05	4.275162579316753224e-09	1.088295447339222122e+01	2.797371576089774728e-05	1.203802824709782580e-05	1.304986046936525146e-08	2.537721228662345752e+01	2.533189112110691354e+01	9.150919758393172287e-02	2.605882773740987091e+01	2.604635507159485641e+01	2.456410080739246382e-02	2.651598843033692887e+01	2.648040411492370794e+01	7.128236385841901779e-02
6.500000000000000000e+01	6.000000000000000888e-01	9.162669999999999959e+01	0.000000000000000000e+00	2.934538478004251568e-05	3.801528266930613527e-05	1.721041174197445636e-09	1.137529480690814587e+01	1.630541518026125142e-05	6.753950052347857500e-06	1.566020953298731917e-08	2.665911909632855270e+01	2.662971311191484247e+01	5.918212804888867140e-02	2.733167948803988168e+01	2.732414118851266238e+01	1.488786979669143307e-02	2.779210090818986956e+01	2.776930954266801876e+01	4.565971482113440061e-02
7.000000000000000000e+01	6.000000000000000888e-01	9.162669999999999959e+01	0.000000000000000000e+00	1.953171442367242561e-05	2.357841787316518518e-05	7.159748980789727755e-10	1.184874815134140746e+01	9.676836265973482246e-06	3.855150521632358732e-06	1.569063859895546142e-08	2.788836692525300620e+01	2.786915708424604787e+01	3.858437518707091840e-02	2.855355983665672781e+01	2.854893574684699331e+01	9.151199147851230009e-03	2.901666009742315566e+01	2.900194418024694443e+01	2.948156510254662521e-02
7.500000000000000000e+01	6.000000000000000888e-01	9.162669999999999959e+01	0.000000000000000000e+00	1.304575538846112394e-05	1.481793207770176112e-05	3.068003627619040732e-10	1.230533984470977060e+01	5.830711246848278361e-06	2.245005228462100530e-06	1.631562557236003950e-08	2.907120814644049744e+01	2.905856645306979757e+01	2.536018143292650961e-02	2.973026945553158384e+01	2.972739417823961361e+01	5.698874071047299594e-03	3.019561173307141644e+01	3.018603242749196269e+01	1.919002099269206951e-02
8.000000000000000000e+01	6.000000000000000888e-01	9.162669999999999959e+01	0.000000000000000000e+00	8.752959541524077468e-06	9.425180734208261452e-06	1.350308066655047347e-10	1.274675644041185052e+01	3.567191060187824145e-06	1.324778575721864878e-06	1.567936583384720342e-08	3.021269505731790161e+01	3.020431299579806250e+01	1.680179535274106684e-02	3.086656258318930668e+01	3.086475224934557815e+01	3.592170066077926549e-03	3.133382003657131065e+01	3.132753428837770926e+01	1.259115832249335654e-02
8.500000000000000000e+01	6.000000000000000888e-01	9.162669999999999959e+01	0.000000000000000000e+00	5.902519611762637881e-06	6.061812053408383090e-06	6.089548258782021868e-11	1.317442025943457473e+01	2.210026814135510536e-06	7.931211379315120885e-07	1.543507253179178077e-08	3.131699242656243953e+01	3.131139308747540184e+01	1.121814093172446292e-02	3.196639908822949394e+01	3.196524604297591310e+01	2.289878354318375386e-03	3.243532457523658508e+01	3.243116775677822261e+01	8.325932841664496209e-03
9.000000000000000000e+01	6.000000000000000888e-01	9.162669999999999959e+01	0.000000000000000000e+00	4.001666314246812419e-06	3.938792278007201083e-06	2.808313873971791145e-11	1.358954405090363693e+01	1.389850320841808677e-06	4.840572308244847368e-07	1.843546386606532560e-08	3.238758952979457462e+01	3.238382173159080679e+01	7.546164193939830511e-03	3.303312199072703947e+01	3.303237969522190554e+01	1.475107037713030422e-03	3.350352561202700485e+01	3.350075593003241892e+01	5.547082123030122602e-03
9.500000000000000000e+01	6.000000000000000888e-01	9.162669999999999959e+01	0.000000000000000000e+00	2.727825227636766427e-06	2.583771677961443596e-06	1.321656936282310019e-11	1.399317189803692862e+01	8.767544223454732527e-07	2.934422067401437628e-07	1.647945114917337417e-08	3.342744907387136521e+01	3.342489577817633517e+01	5.112593846163804301e-03	3.406958616103550952e+01	3.406910351658666514e+01	9.596026975415838933e-04	3.454131941346533097e+01	3.453946059176222860e+01	3.722519412967528751e-03
1.000000000000000000e+00	5.000000000000001110e-01	9.162669999999999959e+01	0.000000000000000000e+00	1.973531710699251707e-01	1.738239572538594624e-01	2.636859728754176440e-03	7.812602095566971716e-01	2.000592350079371806e-01	1.850662135069937597e-01	8.829234394814322335e-04	3.595345871468438759e+00	5.070355698488859808e-01	3.198979642659227629e+00	5.579679533880268494e+00	4.129678102818472141e+00	5.503340906314880598e+00	6.279745423384337499e+00	4.131884495959380565e+00	4.634314707990399462e+00
3.000000000000000000e+00	5.000000000000001110e-01	9.162669999999999959e+01	0.000000000000000000e+00	1.507327864943383278e-01	1.392917224632952422e-01	3.433310470905784166e-03	1.386424753340721017e+00	1.565700364141688061e-01	1.351361540657736449e-01	3.329424169797502546e-03	3.950817297853447485e+00	1.559343143944798227e+00	2.724047046630950319e+00	5.785455942495888237e+00	4.507219411614014071e+00	5.066737421747584236e+00	6.618612149944519629e+00	4.747449631011921412e+00	4.181498888618595089e+00
5.000000000000000000e+00	5.000000000000001110e-01	9.162669999999999959e+01	0.000000000000000000e+00	9.873935330999672466e-02	9.814940160088696242e-02	3.334847504088688484e-03	2.059095146247909014e+00	1.105539047590147622e-01	8.851079992922561424e-02	3.358673679355178836e-03	4.515902539986623943e+00	2.655784973893905665e+00	2.281332973951708532e+00	6.186084391971014895e+00	5.028552384052935587e+00	4.597678851060186034e+00	7.140465793429736863e+00	5.515958162337801340e+00	3.743751351991460474e+00
7.000000000000000000e+00	5.000000000000001110e-01	9.162669999999999959e+01	0.000000000000000000e+00	6.092123454352182943e-02	6.696744432222119514e-02	2.207048140402580270e-03	2.704016073150978361e+00	7.485292803585889831e-02	5.586565418681742334e-02	2.252230986608450350e-03	5.210290338906402141e+00	3.787313068443592279e+00	1.903436794748062377e+00	6.757139616455011044e+00	5.711860394095680249e+00	4.127783731857049609e+00	7.786827433939732757e+00	6.404657831901595877e+00	3.333420810623707098e+00
9.000000000000000000e+00	5.000000000000001110e-01	9.162669999999999959e+01	0.000000000000000000e+00	3.667304885383496083e-02	4.571772774618002022e-02	1.256099193569077321e-03	3.286940932039992269e+00	5.025449049067729629e-02	3.519597986487366104e-02	1.288192289226621238e-03	6.006549564836901389e+00	4.944299931812432547e+00	1.524819255046473865e+00	7.452333335043558549e+00	6.521393407597786407e+00	3.665529045092659199e+00	8.518936547980375806e+00	7.381347117773609412e+00	2.961218688129054311e+00
1.100000000000000000e+01	5.000000000000001110e-01	9.162669999999999959e+01	0.000000000000000000e+00	2.181870420934719362e-02	3.161005528611230547e-02	6.764009047595190022e-04	3.808479431164440321e+00	3.396235956292859709e-02	2.245832913461905805e-02	6.940946297636627939e-04	6.880775799474769805e+00	6.036800793633971374e+00	1.483422911486803386e+00	8.235223922814176589e+00	7.419115700217458809e+00	3.213497048261968470e+00	9.310517863799498528e+00	8.420101757819466570e+00	2.538525811627740492e+00
1.300000000000000000e+01	5.000000000000001110e-01	9.162669999999999959e+01	0.000000000000000000e+00	1.284735959500637320e-02	2.220416970351331287e-02	3.594196376736557229e-04	4.279434795873948261e+00	2.323231628059033854e-02	1.458116944360726176e-02	3.679174929731097565e-04	7.804853761690186964e+00	6.933937103642710653e+00	1.463543625495906442e+00	9.085937809008660437e+00	8.373907989072485236e+00	2.772878745397165723e+00	1.014332597169755701e+01	9.253326156914742029e+00	2.399685307848994142e+00
1.500000000000000000e+01	5.000000000000001110e-01	9.162669999999999959e+01	0.000000000000000000e+00	7.444101879735418904e-03	1.584061661611577132e-02	1.919942074417646852e-04	4.710449380965018307e+00	1.610933337041959429e-02	9.636962942416003527e-03	1.955800866610226448e-04	8.761044236863645196e+00	7.880424420634513538e+00	1.517672180248269997e+00	9.979469846071205907e+00	9.362373626917873892e+00	2.345157239094461055e+00	1.100110358061572136e+01	1.010798596817791051e+01	2.275996508189888523e+00
1.700000000000000000e+01	5.000000000000001110e-01	9.162669999999999959e+01	0.000000000000000000e+00	4.190824637489529159e-03	1.146148944804193867e-02	1.039326750427226954e-04	5.109772531989785094e+00	1.132032570388153379e-02	6.477137411487405780e-03	1.051466854371727044e-04	9.732171159745272249e+00	8.850619027683400475e+00	1.587164947009048976e+00	1.089317320663413469e+01	1.036672911693100119e+01	1.932675822201737059e+00	1.186862875115041760e+01	1.102595851061784060e+01	2.158023707053724483e+00
1.900000000000000000e+01	5.000000000000001110e-01	9.162669999999999959e+01	0.000000000000000000e+00	2.236374428209668853e-03	8.397909980017046958e-03	5.719770442793499103e-05	5.483455310432961305e+00	8.055410569916612862e-03	4.420838625412223596e-03	5.736769471652086380e-05	1.069885913399593136e+01	9.826766531527926674e+00	1.633581161797633907e+00	1.181250955152865778e+01	1.123709692042879560e+01	1.640525527412995954e+00	1.273253217520353253e+01	1.197356574079736014e+01	1.927959087615457978e+00
2.000000000000000000e+01	5.000000000000001110e-01	9.162669999999999959e+01	0.000000000000000000e+00	1.577640758616210377e-03	7.219178385652964131e-03	4.270953491577267412e-05	5.662116871651263317e+00	6.825185322578747674e-03	3.671753118544486549e-03	4.262564987868094554e-05	1.117478121765784316e+01	1.031301644248895144e+01	1.643380675171544514e+00	1.227095741884572533e+01	1.176383526207670904e+01	1.430366692234035231e+00	1.315810685931279167e+01	1.243964020486120958e+01	1.800379191529253298e+00
2.500000000000000000e+01	5.000000000000001110e-01	9.162669999999999959e+01	0.000000000000000000e+00	7.026064387484097160e-06	3.515232764904692615e-03	1.057232132017731007e-05	6.489764676443932956e+00	3.099692782033762646e-03	1.520493161791086970e-03	1.023939603724834634e-05	1.346166804476087897e+01	1.268298738237515266e+01	1.476213801225121580e+00	1.447827279139088752e+01	1.412206400332829048e+01	6.887781988229317864e-01	1.518201762015554124e+01	1.468000815528174918e+01	1.255658237152931456e+00
3.000000000000000000e+01	5.000000000000001110e-01	9.162669999999999959e+01	0.000000000000000000e+00	3.517793970796152629e-04	1.799918773819094483e-03	2.887857078832599785e-06	7.232741828422643238e+00	1.488995098580913517e-03	6.723482946769554925e-04	2.688611293342590275e-06	1.552959121395768172e+01	1.489339687304194904e+01	1.344833445750178935e+00	1.650566513202064556e+01	1.623107513563539683e+01	5.217240810487000502e-01	1.707930010024855605e+01	1.666137579243438793e+01	9.449518880902676443e-01
3.500000000000000000e+01	5.000000000000001110e-01	9.162669999999999959e+01	0.000000000000000000e+00	3.518220526360194109e-04	9.589270933831259280e-04	8.584686192577767992e-07	7.913062653679657998e+00	7.488335326999507376e-04	3.134524170246835370e-04	7.567698186682070283e-07	1.737295176344343517e+01	1.691174608131726842e+01	1.009236107757252476e+00	1.834718844684623562e+01	1.813741800086865652e+01	4.012460214623443377e-01	1.887707906695764493e+01	1.854449214601824991e+01	6.825202068594498073e-01
4.000000000000000000e+01	5.000000000000001110e-01	9.162669999999999959e+01	0.000000000000000000e+00	2.748396292442136218e-04	5.277153455024761282e-04	2.742614831610310764e-07	8.544499049791941303e+00	3.912647630006625427e-04	1.526561290979091580e-04	2.191603138590632327e-07	1.906161655071104022e+01	1.874345323912093875e+01	6.727040475074694825e-01	2.001706654055781698e+01	1.989797674949665662e+01	2.299780308597245693e-01	2.056736128745592040e+01	2.035768148502826591e+01	4.263264325560776058e-01
4.500000000000000000e+01	5.000000000000001110e-01	9.162669999999999959e+01	0.000000000000000000e+00	1.971838044721971903e-04	2.984258454080756877e-04	9.319570618753936963e-08	9.136369521498043156e+00	2.111703348201245058e-04	7.713413900010778054e-05	6.130299172367868900e-08	2.062756000104611687e+01	2.041320392804308170e+01	4.437651582933845873e-01	2.156956644331961215e+01	2.150115814900123112e+01	1.329848859987556864e-01	2.214276627440497336e+01	2.201222618953863019e+01	2.642034016933969554e-01
5.000000000000000000e+01	5.000000000000001110e-01	9.162669999999999959e+01	0.000000000000000000e+00	1.363745929003134052e-04	1.727474194508777901e-04	3.340181594126863249e-08	9.695340804706098936e+00	1.171977564391062549e-04	4.022282236698007104e-05	1.046525524149324733e-08	2.209309002647820819e+01	2.195031294468129701e+01	2.918112450518037804e-01	2.302757394240331124e+01	2.298761096827401218e+01	7.813533976203679288e-02	2.362248304874978899e+01	2.354124494988702310e+01	1.639211043834105652e-01
5.500000000000000000e+01	5.000000000000001110e-01	9.162669999999999959e+01	0.000000000000000000e+00	9.276896619327304309e-05	1.020533735061953127e-04	1.254084690746776549e-08	1.022638393790769484e+01	6.664715597336071974e-05	2.156087901416235166e-05	7.225606049252042418e-09	2.347561726950536709e+01	2.338085544936144089e+01	1.921676726419327963e-01	2.440726667516979376e+01	2.438350832355509823e+01	4.666157977118956524e-02	2.502210041464596912e+01	2.497134775759118241e+01	1.021999244574658405e-01
6.000000000000000000e+01	5.000000000000001110e-01	9.162669999999999959e+01	0.000000000000000000e+00	6.268095787743699918e-05	6.138416578954975270e-05	4.905060426517781864e-09	1.073332590440625012e+01	3.872537376067360120e-05	1.183849598284523413e-05	1.305221483603094258e-08	2.478835895094810127e+01	2.472539412972361816e+01	1.270752411932640769e-01	2.572053255838390484e+01	2.570616997935890780e+01	2.830366399790662513e-02	2.635371429268708710e+01	2.632180976966262165e+01	6.415671182040227905e-02
6.500000000000000000e+01	5.000000000000001110e-01	9.162669999999999959e+01	0.000000000000000000e+00	4.228677831276599037e-05	3.752033728826192915e-05	1.989404346397970799e-09	1.121918896268617338e+01	2.293792948521904476e-05	6.634846539154901079e-06	1.542337907649987683e-08	2.604138828719780818e+01	2.599939217917633627e+01	8.450443851201328016e-02	2.697642824912185588e+01	2.696761009124247011e+01	1.742099961328591462e-02	2.762670434867350266e+01	2.760649933489379748e+01	4.059110860085013428e-02
7.000000000000000000e+01	5.000000000000001110e-01	9.162669999999999959e+01	0.000000000000000000e+00	2.856867851234527237e-05	2.326871848230795196e-05	8.334783612420671468e-10	1.168641011635856586e+01	1.381863116841361774e-05	3.795672409561421171e-06	1.696412225472322677e-08	2.724251903417500387e+01	2.721436157187590510e+01	5.655244752562182953e-02	2.818206233690757756e+01	2.817657056286331141e+01	1.086946774519859105e-02	2.884845177045271214e+01	2.883555400881640551e+01	2.589347394285823611e-02
7.500000000000000000e+01	5.000000000000001110e-01	9.162669999999999959e+01	0.000000000000000000e+00	1.936130499564837581e-05	1.462173348578681180e-05	3.595425924676281321e-10	1.213698890791920526e+01	8.455555564503133489e-06	2.208067050912853116e-06	1.662576955253035338e-08	2.839794373698023122e+01	2.837895186591738650e+01	3.809839434195794183e-02	2.934315002049676480e+01	2.933968474625693545e+01	6.867942559981798922e-03	3.002487415353784428e+01	3.001657394153207647e+01	1.665528668223359432e-02
8.000000000000000000e+01	5.000000000000001110e-01	9.162669999999999959e+01	0.000000000000000000e+00	1.317561439112975857e-05	9.299467529698885105e-06	1.592553163603452962e-10	1.257259030747327166e+01	5.248706217663790322e-06	1.299689014857934033e-06	1.633440542200825796e-08	2.951267248672488464e+01	2.949978204141529403e+01	2.583863012365839040e-02	3.046437658352959943e+01	3.046216345563468053e+01	4.390760679868321859e-03	3.116080250561232390e+01	3.115541780855106424e+01	1.080110042641280188e-02
8.500000000000000000e+01	5.000000000000001110e-01	9.162669999999999959e+01	0.000000000000000000e+00	9.008367376871631037e-06	5.980413974086435084e-06	7.225914628952086828e-11	1.299461836545093441e+01	3.286250961565678752e-06	7.901843686768713487e-07	1.745764159686961914e-08	3.059083329902822967e+01	3.058202836696831639e+01	1.764021855298381070e-02	3.154964510787446486e+01	3.154821580383559620e+01	2.837884089132103327e-03	3.226024528717510975e+01	3.225672437438350215e+01	7.060661757542163741e-03
9.000000000000000000e+01	5.000000000000001110e-01	9.162669999999999959e+01	0.000000000000000000e+00	6.190028018221248200e-06	3.885573581553840432e-06	3.352094276349599525e-11	1.340427020493327248e+01	2.100378973859576339e-06	4.742976299150827609e-07	1.729785359100776267e-08	3.163588088983720326e+01	3.162982867626752181e+01	1.212106482101660276e-02	3.260225109799546317e+01	3.260131839567367251e+01	1.852986531162059691e-03	3.332657565025294133e+01	3.332425576256360955e+01	4.651237037393229912e-03
9.500000000000000000e+01	5.000000000000001110e-01	9.162669999999999959e+01	0.000000000000000000e+00	4.275335840887947131e-06	2.548660910905231441e-06	1.586608342864359422e-11	1.380257642242263572e+01	1.339463774198672991e-06	2.918835045029842534e-07	1.613075028866935157e-08	3.265074506477421323e+01	3.264655933520892006e+01	8.380940156840210875e-03	3.362500914603862157e+01	3.362439460259511037e+01	1.221474927334043059e-03	3.436266679604571550e+01	3.436112694868004525e+01	3.086814727737419162e-03
1.000000000000000000e+00	4.000000000000001332e-01	9.162669999999999959e+01	0.000000000000000000e+00	1.979263916475952623e-01	1.735798123571078433e-01	2.635391630762388450e-03	7.782836864141315925e-01	2.012489870590427887e-01	1.841705354924608184e-01	8.011859197181445732e-04	3.595858640606811374e+00	5.064714524459597023e-01	3.197318131945438235e+00	5.579613498516026837e+00	4.112149290616966546e+00	5.521355186502924894e+00	6.279344595598271184e+00	4.115852881649695760e+00	4.651959481292135656e+00
3.000000000000000000e+00	4.000000000000001332e-01	9.162669999999999959e+01	0.000000000000000000e+00	1.547961866490726868e-01	1.377322126018207804e-01	3.167773732431323520e-03	1.365200735699938495e+00	1.613320292037683235e-01	1.331120541235455146e-01	3.042895973152489469e-03	3.949965678883877729e+00	1.554162177704113690e+00	2.728860003510616750e+00	5.781655411409271750e+00	4.474698244271208658e+00	5.128141828256892687e+00	6.612772591490503338e+00	4.711212162763882105e+00	4.228576747917729861e+00
5.000000000000000000e+00	4.000000000000001332e-01	9.162669999999999959e+01	0.000000000000000000e+00	1.043963480582283249e-01	9.666365493034352607e-02	3.121627416376658928e-03	2.014087212374782165e+00	1.175027525976629073e-01	8.672177999925584357e-02	3.142195816010218568e-03	4.504879984099983581e+00	2.641229834996795311e+00	2.281231271423341589e+00	6.170170293048158783e+00	4.971562144523197446e+00	4.684719976811685171e+00	7.124030326353777198e+00	5.472495281671865719e+00	3.811103882251757113e+00
7.000000000000000000e+00	4.000000000000001332e-01	9.162669999999999959e+01	0.000000000000000000e+00	6.629499435517441364e-02	6.588490985106723596e-02	2.116825107634814820e-03	2.638071208721772809e+00	8.209171090110793656e-02	5.462651522127923848e-02	2.162833772143185618e-03	5.182484428832940360e+00	3.758666108652648052e+00	1.885720310379900955e+00	6.720479106452279972e+00	5.631325373584380678e+00	4.219140519746328977e+00	7.755500817230203126e+00	6.363100795082676342e+00	3.382337701201531655e+00
9.000000000000000000e+00	4.000000000000001332e-01	9.162669999999999959e+01	0.000000000000000000e+00	4.096562921341122265e-02	4.497056029929295817e-02	1.234217380588875645e-03	3.205141441574723693e+00	5.674618020893444637e-02	3.438975786179929162e-02	1.268128366832080214e-03	5.955792408635003810e+00	4.897020089455121905e+00	1.640394147268137814e+00	7.387211392642598184e+00	6.421487829782648760e+00	3.742042143019625566e+00	8.468340074431893072e+00	7.346654789001239472e+00	2.953016090547710526e+00
1.100000000000000000e+01	4.000000000000001332e-01	9.162669999999999959e+01	0.000000000000000000e+00	2.493052494938403224e-02	3.109138686244357005e-02	6.791118556985102422e-04	3.714574094036836360e+00	3.937862364700486090e-02	2.193544386015620906e-02	6.984617916553572010e-04	6.790710618771546692e+00	5.919489399668938390e+00	1.687116744877619201e+00	8.143668417662645709e+00	7.306849944322511448e+00	3.258642604457679504e+00	9.238781309054425961e+00	8.284445633319712954e+00	2.685655673009269773e+00
1.300000000000000000e+01	4.000000000000001332e-01	9.162669999999999959e+01	0.000000000000000000e+00	1.495915753865244627e-02	2.183727513186866503e-02	3.676961214443639895e-04	4.175607202400449580e+00	2.759320244954208481e-02	1.423751045441373937e-02	3.773743227262046831e-04	7.665146615604099267e+00	6.739609882725020817e+00	1.746967063043216806e+00	8.967837033471493413e+00	8.257059362182054940e+00	2.773130435774067148e+00	1.004783498335219427e+01	9.085151019785637772e+00	2.505924258450504816e+00
1.500000000000000000e+01	4.000000000000001332e-01	9.162669999999999959e+01	0.000000000000000000e+00	8.795514538954246619e-03	1.557625211883518004e-02	1.996603272871982340e-04	4.597931493221201649e+00	1.955985133265999293e-02	9.407424208397678622e-03	2.039858878510433966e-04	8.566351860678858898e+00	7.602525020202048900e+00	1.812209586197691458e+00	9.831584121772678486e+00	9.244584095733545226e+00	2.290455523258484671e+00	1.088285552706470760e+01	9.983336276284834554e+00	2.263087787156021768e+00
1.700000000000000000e+01	4.000000000000001332e-01	9.162669999999999959e+01	0.000000000000000000e+00	4.996578824595027460e-03	1.126801642387261285e-02	1.096608722114499057e-04	4.989310704231137983e+00	1.402885303855843334e-02	6.321437757983941301e-03	1.112990883090014208e-04	9.470944576595289988e+00	8.486685046600138449e+00	1.874874926492879679e+00	1.072261094022148775e+01	1.002694475468365987e+01	1.995240802956109727e+00	1.172779796868105251e+01	1.091547087103907643e+01	2.012658211270848874e+00
1.900000000000000000e+01	4.000000000000001332e-01	9.162669999999999959e+01	0.000000000000000000e+00	2.665155230564159559e-03	8.254477471805457198e-03	6.114055694013328110e-05	5.355555999053233762e+00	1.017542016352637399e-02	4.313731812498096917e-03	6.153669228499067390e-05	1.036483527274351069e+01	9.377823673904353896e+00	1.926066304464454149e+00	1.162224205185269810e+01	1.106880869780744980e+01	1.526161813142236312e+00	1.257657427177047538e+01	1.178259988543038794e+01	1.841146504136675910e+00
2.000000000000000000e+01	4.000000000000001332e-01	9.162669999999999959e+01	0.000000000000000000e+00	1.867095252470716031e-03	7.095160840782519657e-03	4.593063432861764321e-05	5.530647565366463070e+00	8.700535632249532803e-03	3.582488726723184226e-03	4.600656189639629363e-05	1.080728070788371298e+01	9.822849250204482630e+00	1.944115151070614722e+00	1.206839651258108326e+01	1.157845873173716100e+01	1.306039231861843675e+00	1.299673491536373682e+01	1.221448746224812076e+01	1.766100148205355547e+00
2.500000000000000000e+01	4.000000000000001332e-01	9.162669999999999959e+01	0.000000000000000000e+00	9.593035146845897611e-05	3.453185639245031149e-03	1.167812241117698513e-05	6.341596419454411659e+00	4.122026517236161008e-03	1.483029948810507233e-03	1.135701932381059757e-05	1.292267800272194478e+01	1.200906318823361296e+01	1.984621051432064132e+00	1.422471632762747262e+01	1.377184931478472052e+01	9.012460733283951253e-01	1.502759021847278653e+01	1.443369944135224436e+01	1.409573618032649245e+00
3.000000000000000000e+01	4.000000000000001332e-01	9.162669999999999959e+01	0.000000000000000000e+00	5.388680772397847363e-04	1.767394406855797573e-03	3.262818918495057441e-06	7.069379594361427266e+00	2.056594344297279185e-03	6.556339710379849132e-04	3.052290026728677469e-06	1.483628026119929366e+01	1.408221162560258577e+01	1.731712777667643977e+00	1.619747860008925144e+01	1.581220786247699905e+01	7.012910762496065153e-01	1.696779781253576758e+01	1.650426176433603942e+01	1.018666235704987599e+00
3.500000000000000000e+01	4.000000000000001332e-01	9.162669999999999959e+01	0.000000000000000000e+00	5.360818845536785603e-04	9.412453226802211439e-04	9.893073494800265692e-07	7.735669925228647159e+00	1.070793359120278876e-03	3.056125187896285801e-04	8.783230709110147045e-07	1.657032395784379375e+01	1.600665669322580342e+01	1.239176064530499666e+00	1.797858295596668299e+01	1.774916325896974811e+01	4.447718937699995934e-01	1.880626808163873420e+01	1.849147896349453291e+01	6.580241707148086761e-01
4.000000000000000000e+01	4.000000000000001332e-01	9.162669999999999959e+01	0.000000000000000000e+00	4.267311089887837277e-04	5.178121525360821625e-04	3.217134981778339024e-07	8.354016765519149956e+00	5.777800460073096844e-04	1.488243231723205932e-04	2.615844325840228912e-07	1.818127810973229330e+01	1.777430715443318121e+01	8.674275168847298545e-01	1.961242069395703780e+01	1.947729966859719397e+01	2.627104432278706270e-01	2.050366813382393616e+01	2.030676971315210011e+01	4.055502846904417424e-01
4.500000000000000000e+01	4.000000000000001332e-01	9.162669999999999959e+01	0.000000000000000000e+00	3.134931465164921644e-04	2.927385308503497501e-04	1.110996388698158763e-07	8.933577341358436286e+00	3.213782258869562602e-04	7.519249154119486689e-05	7.592975724080366917e-08	1.968259801753210070e+01	1.939576930461004878e+01	5.985169047632385997e-01	2.113215385350027020e+01	2.105182195035782655e+01	1.568797325942785648e-01	2.208254023768518337e+01	2.196054992752321766e+01	2.489566329305006320e-01
5.000000000000000000e+01	4.000000000000001332e-01	9.162669999999999959e+01	0.000000000000000000e+00	2.222558308273889617e-04	1.694100848607645667e-04	4.041572579664420568e-08	9.480896909976896936e+00	1.835143727568063973e-04	3.920801988967627209e-05	1.580036467657176813e-08	2.108998147982556759e+01	2.089077998621959154e+01	4.098254697427314852e-01	2.255966023646597307e+01	2.251120329387712005e+01	9.502405036026928542e-02	2.356439815285047246e+01	2.348888593191151131e+01	1.532231204919423107e-01
5.500000000000000000e+01	4.000000000000001332e-01	9.162669999999999959e+01	0.000000000000000000e+00	1.549790902871982039e-04	1.000577345350094034e-04	1.538571565971761770e-08	1.000085274012028869e+01	1.072264728674051509e-04	2.101112408269575731e-05	5.960549357688846306e-09	2.241789619132005384e+01	2.228057660242242122e+01	2.798959824087461357e-01	2.391060391385799733e+01	2.388091493242549390e+01	5.841635150378010621e-02	2.496570981373221798e+01	2.491878441760762897e+01	9.487450154958665394e-02
6.000000000000000000e+01	4.000000000000001332e-01	9.162669999999999959e+01	0.000000000000000000e+00	1.072923280917282261e-04	6.017070008891178443e-05	6.096248747989895204e-09	1.049719792752743786e+01	6.393441727407171531e-05	1.153299546761358402e-05	1.200006463815406210e-08	2.367835045940545768e+01	2.358391767615029622e+01	1.913109626031967991e-01	2.519656405432789370e+01	2.517809631131484949e+01	3.643158270160284928e-02	2.629887281629109452e+01	2.626952270996961047e+01	5.920447660368566289e-02
6.500000000000000000e+01	4.000000000000001332e-01	9.162669999999999959e+01	0.000000000000000000e+00	7.412221524872400242e-05	3.677133011163496496e-05	2.502874003409517401e-09	1.097289543346811769e+01	3.880990724055579343e-05	6.475641502042819506e-06	1.480550318086991390e-08	2.488092463582621860e+01	2.481593161069226383e+01	1.311432411179502822e-01	2.642638505801890858e+01	2.641473292078196877e+01	2.303129481824583991e-02	2.757335856991446121e+01	2.755485813994129884e+01	3.726343843332813321e-02
7.000000000000000000e+01	4.000000000000001332e-01	9.162669999999999959e+01	0.000000000000000000e+00	5.124765503981107455e-05	2.280008019018922797e-05	1.060762694655185705e-09	1.143033389198809502e+01	2.395096045387705381e-05	3.699060087045880845e-06	1.529327248387863950e-08	2.603320855633494091e+01	2.598835181196738731e+01	9.027311813403926521e-02	2.760701639256099327e+01	2.759956700405428975e+01	1.474588423185707597e-02	2.879656930312019725e+01	2.878481029337303454e+01	2.366190264277179267e-02
7.500000000000000000e+01	4.000000000000001332e-01	9.162669999999999959e+01	0.000000000000000000e+00	3.552127045719417783e-05	1.432486590620064479e-05	4.626157463439596521e-10	1.187147281685157907e+01	1.500117332007698707e-05	2.150385627619922496e-06	1.538205999878326791e-08	2.714126449462919766e+01	2.711018187922385891e+01	6.244281227482417762e-02	2.874404780214427291e+01	2.873922692481634300e+01	9.553392137579663768e-03	2.997442258729892473e+01	2.996688478054340266e+01	1.515802635330487647e-02
8.000000000000000000e+01	4.000000000000001332e-01	9.162669999999999959e+01	0.000000000000000000e+00	2.470778937201364230e-05	9.109264058559657571e-06	2.070665059063864463e-10	1.229794362731078294e+01	9.524375818036751040e-06	1.264956606342052328e-06	1.725809760768151624e-08	2.821000339343769170e+01	2.818836497271586694e+01	4.341845687228129691e-02	2.984206262314939551e+01	2.983890743294978876e+01	6.257840188155228134e-03	3.111174493197139768e+01	3.110687219906714063e+01	9.794447841805720145e-03
8.500000000000000000e+01	4.000000000000001332e-01	9.162669999999999959e+01	0.000000000000000000e+00	1.725718976614044152e-05	5.857267025948897069e-06	9.489140752642933462e-11	1.271112193382767153e+01	6.114710701139385036e-06	7.589536586516046434e-07	1.502476019737577963e-08	2.924346525858767620e+01	2.922832608685071420e+01	3.035281702351966260e-02	3.090487941372438385e+01	3.090279270172835879e+01	4.141388221313491158e-03	3.221254076671854705e+01	3.220936487296874162e+01	6.381791740075470898e-03
9.000000000000000000e+01	4.000000000000001332e-01	9.162669999999999959e+01	0.000000000000000000e+00	1.210718606943657101e-05	3.805064104453070742e-06	4.443748300708987318e-11	1.311218050954634506e+01	3.969632420596511460e-06	4.630121012412589249e-07	1.724340897499287983e-08	3.024502262551723319e+01	3.023437602502698951e+01	2.133362791074944198e-02	3.193572255184277964e+01	3.193432901580595029e+01	2.767105167976069424e-03	3.328018074208549137e+01	3.327809429155784926e+01	4.191735026992660096e-03
9.500000000000000000e+01	4.000000000000001332e-01	9.162669999999999959e+01	0.000000000000000000e+00	8.533494536223323830e-06	2.495548293351615054e-06	2.123359947153271577e-11	1.350212891621072231e+01	2.610351645407430322e-06	2.825340815473715469e-07	1.825320385108364071e-08	3.121752809770835313e+01	3.121000213575018023e+01	1.507458754821300317e-02	3.293734605811258120e+01	3.293640696719810279e+01	1.865497702425500393e-03	3.431753698914072004e+01	3.431615575246324568e+01	2.774533071843165999e-03